-2.60021 -189.475
-2.97164 -189.468
-3.34306 -189.461
-3.71446 -189.454
-4.08586 -189.445
-4.45724 -189.436
-4.8286 -189.426
-5.19994 -189.416
-5.57126 -189.405
-5.94256 -189.393
-6.31384 -189.38
-6.6851 -189.367
-7.05633 -189.353
-7.42753 -189.338
-7.7987 -189.322
-8.16984 -189.306
-8.54095 -189.289
-8.91203 -189.272
-9.28307 -189.254
-9.65408 -189.235
-10.025 -189.215
-10.396 -189.195
-10.7669 -189.174
-11.1377 -189.152
-11.5085 -189.129
-11.8793 -189.106
-12.25 -189.082
-12.6206 -189.058
-12.9913 -189.033
-13.3618 -189.007
-13.7323 -188.98
-14.1028 -188.953
-14.4732 -188.925
-14.8435 -188.896
-15.2138 -188.866
-15.584 -188.836
-15.9542 -188.805
-16.3243 -188.774
-16.6943 -188.742
-17.0643 -188.709
-17.4342 -188.675
-17.8041 -188.641
-18.1738 -188.606
-18.5435 -188.57
-18.9131 -188.533
-19.2827 -188.496
-19.6522 -188.458
-20.0215 -188.42
-20.3909 -188.381
-20.7601 -188.341
-21.1292 -188.3
-21.4983 -188.259
-21.8673 -188.217
-22.2362 -188.174
-22.605 -188.131
-22.9737 -188.086
-23.3423 -188.042
-23.7109 -187.996
-24.0793 -187.95
-24.4476 -187.903
-24.8159 -187.855
-25.184 -187.807
-25.5521 -187.758
-25.92 -187.708
-26.2879 -187.658
-26.6556 -187.607
-27.0232 -187.555
-27.3908 -187.503
-27.7582 -187.45
-28.1255 -187.396
-28.4927 -187.341
-28.8598 -187.286
-29.2267 -187.23
-29.5936 -187.173
-29.9603 -187.116
-30.3269 -187.058
-30.6934 -186.999
-31.0598 -186.94
-31.426 -186.88
-31.7921 -186.819
-32.1581 -186.758
-32.524 -186.695
-32.8897 -186.633
-33.2553 -186.569
-33.6208 -186.505
-33.9861 -186.44
-34.3513 -186.374
-34.7164 -186.308
-35.0813 -186.241
-35.4461 -186.173
-35.8107 -186.105
-36.1752 -186.036
-36.5396 -185.966
-36.9038 -185.896
-37.2678 -185.825
-37.6318 -185.753
-37.9955 -185.68
-38.3591 -185.607
-38.7226 -185.533
-39.0859 -185.459
-39.449 -185.383
-39.812 -185.308
-40.1748 -185.231
-40.5374 -185.154
-40.8999 -185.076
-41.2623 -184.997
-41.6244 -184.918
-41.9864 -184.838
-42.3483 -184.757
-42.7099 -184.675
-43.0714 -184.593
-43.4327 -184.511
-43.7938 -184.427
-44.1548 -184.343
-44.5156 -184.258
-44.8762 -184.173
-45.2366 -184.086
-45.5968 -184
-45.9569 -183.912
-46.3167 -183.824
-46.6764 -183.735
-47.0359 -183.645
-47.3952 -183.555
-47.7543 -183.464
-48.1132 -183.373
-48.472 -183.28
-48.8305 -183.187
-49.1888 -183.094
-49.5469 -182.999
-49.9048 -182.904
-50.2626 -182.809
-50.6201 -182.712
-50.9774 -182.615
-51.3345 -182.518
-51.6914 -182.419
-52.0481 -182.32
-52.4045 -182.221
-52.7608 -182.12
-53.1168 -182.019
-53.4727 -181.917
-53.8283 -181.815
-54.1837 -181.712
-54.5388 -181.608
-54.8938 -181.504
-55.2485 -181.399
-55.603 -181.293
-55.9573 -181.186
-56.3113 -181.079
-56.6651 -180.972
-57.0187 -180.863
-57.372 -180.754
-57.7252 -180.644
-58.078 -180.534
-58.4307 -180.423
-58.7831 -180.311
-59.1352 -180.198
-59.4871 -180.085
-59.8388 -179.972
-60.1902 -179.857
-60.5414 -179.742
-60.8923 -179.626
-61.243 -179.51
-61.5934 -179.393
-61.9436 -179.275
-62.2935 -179.157
-62.6432 -179.038
-62.9926 -178.918
-63.3417 -178.798
-63.6906 -178.677
-64.0392 -178.555
-64.3876 -178.433
-64.7357 -178.31
-65.0835 -178.186
-65.431 -178.062
-65.7783 -177.937
-66.1253 -177.811
-66.472 -177.685
-66.8185 -177.558
-67.1647 -177.43
-67.5106 -177.302
-67.8562 -177.173
-68.2016 -177.043
-68.5466 -176.913
-68.8914 -176.782
-69.2359 -176.651
-69.5801 -176.519
-69.924 -176.386
-70.2676 -176.252
-70.611 -176.118
-70.954 -175.984
-71.2967 -175.848
-71.6392 -175.712
-71.9813 -175.575
-72.3232 -175.438
-72.6647 -175.3
-73.0059 -175.161
-73.3469 -175.022
-73.6875 -174.882
-74.0278 -174.742
-74.3678 -174.601
-74.7075 -174.459
-75.0469 -174.316
-75.386 -174.173
-75.7247 -174.029
-76.0632 -173.885
-76.4013 -173.74
-76.7391 -173.594
-77.0766 -173.448
-77.4137 -173.301
-77.7506 -173.153
-78.0871 -173.005
-78.4232 -172.856
-78.7591 -172.707
-79.0946 -172.557
-79.4298 -172.406
-79.7646 -172.255
-80.0991 -172.103
-80.4333 -171.95
-80.7671 -171.797
-81.1006 -171.643
-81.4338 -171.488
-81.7666 -171.333
-82.099 -171.177
-82.4311 -171.021
-82.7629 -170.864
-83.0943 -170.706
-83.4253 -170.548
-83.7561 -170.389
-84.0864 -170.229
-84.4164 -170.069
-84.746 -169.908
-85.0753 -169.747
-85.4042 -169.585
-85.7328 -169.422
-86.061 -169.259
-86.3888 -169.095
-86.7162 -168.931
-87.0433 -168.765
-87.37 -168.6
-87.6964 -168.433
-88.0223 -168.266
-88.3479 -168.099
-88.6731 -167.931
-88.9979 -167.762
-89.3224 -167.592
-89.6465 -167.422
-89.9702 -167.252
-90.2935 -167.08
-90.6164 -166.908
-90.9389 -166.736
-91.261 -166.563
-91.5828 -166.389
-91.9041 -166.215
-92.2251 -166.04
-92.5456 -165.864
-92.8658 -165.688
-93.1856 -165.512
-93.5049 -165.334
-93.8239 -165.156
-94.1425 -164.978
-94.4606 -164.799
-94.7784 -164.619
-95.0957 -164.439
-95.4126 -164.258
-95.7291 -164.076
-96.0452 -163.894
-96.3609 -163.711
-96.6762 -163.528
-96.991 -163.344
-97.3055 -163.16
-97.6195 -162.975
-97.9331 -162.789
-98.2462 -162.603
-98.559 -162.416
-98.8713 -162.228
-99.1831 -162.04
-99.4946 -161.852
-99.8056 -161.662
-100.116 -161.473
-100.426 -161.282
-100.736 -161.091
-101.045 -160.9
-101.354 -160.707
-101.663 -160.515
-101.97 -160.321
-102.278 -160.128
-102.585 -159.933
-102.892 -159.738
-103.198 -159.542
-103.504 -159.346
-103.809 -159.149
-104.114 -158.952
-104.418 -158.754
-104.722 -158.556
-105.025 -158.357
-105.328 -158.157
-105.631 -157.957
-105.933 -157.756
-106.234 -157.555
-106.535 -157.353
-106.836 -157.15
-107.136 -156.947
-107.436 -156.744
-107.735 -156.539
-108.034 -156.335
-108.332 -156.129
-108.63 -155.923
-108.927 -155.717
-109.224 -155.51
-109.521 -155.302
-109.816 -155.094
-110.112 -154.886
-110.407 -154.676
-110.701 -154.467
-110.995 -154.256
-111.288 -154.045
-111.581 -153.834
-111.874 -153.622
-112.166 -153.409
-112.457 -153.196
-112.748 -152.983
-113.039 -152.769
-113.329 -152.554
-113.618 -152.338
-113.907 -152.123
-114.196 -151.906
-114.483 -151.689
-114.771 -151.472
-115.058 -151.254
-115.344 -151.035
-115.63 -150.816
-115.915 -150.597
-116.2 -150.377
-116.485 -150.156
-116.768 -149.935
-117.052 -149.713
-117.335 -149.491
-117.617 -149.268
-117.899 -149.044
-118.18 -148.82
-118.46 -148.596
-118.741 -148.371
-119.02 -148.146
-119.299 -147.92
-119.578 -147.693
-119.856 -147.466
-120.133 -147.238
-120.41 -147.01
-120.687 -146.782
-120.962 -146.553
-121.238 -146.323
-121.512 -146.093
-121.787 -145.862
-122.06 -145.631
-122.333 -145.399
-122.606 -145.167
-122.878 -144.934
-123.149 -144.701
-123.42 -144.467
-123.691 -144.233
-123.96 -143.998
-124.23 -143.763
-124.498 -143.527
-124.766 -143.291
-125.034 -143.054
-125.301 -142.816
-125.567 -142.579
-125.833 -142.34
-126.098 -142.101
-126.363 -141.862
-126.627 -141.622
-126.891 -141.382
-127.154 -141.141
-127.416 -140.9
-127.678 -140.658
-127.939 -140.416
-128.2 -140.173
-128.46 -139.93
-128.72 -139.686
-128.978 -139.442
-129.237 -139.197
-129.495 -138.952
-129.752 -138.706
-130.008 -138.46
-130.264 -138.213
-130.52 -137.966
-130.774 -137.718
-131.029 -137.47
-131.282 -137.222
-131.535 -136.973
-131.788 -136.723
-132.039 -136.473
-132.291 -136.222
-132.541 -135.971
-132.791 -135.72
-133.04 -135.468
-133.289 -135.216
-133.537 -134.963
-133.785 -134.71
-134.032 -134.456
-134.278 -134.201
-134.524 -133.948
-134.208 -133.695
-133.893 -133.442
-133.578 -133.19
-133.263 -132.939
-132.949 -132.688
-132.635 -132.438
-132.321 -132.189
-132.007 -131.94
-131.694 -131.692
-131.38 -131.444
-131.068 -131.197
-130.755 -130.95
-130.443 -130.704
-130.131 -130.458
-130.381 -130.211
-130.632 -129.965
-130.319 -129.719
-130.006 -129.474
-129.694 -129.229
-129.381 -128.985
-129.069 -128.742
-128.758 -128.499
-128.446 -128.257
-128.135 -128.016
-127.825 -127.775
-127.514 -127.534
-127.204 -127.294
-126.894 -127.055
-126.584 -126.816
-126.274 -126.578
-125.965 -126.34
-126.221 -126.101
-126.476 -125.862
-126.166 -125.624
-125.856 -125.387
-125.547 -125.15
-125.237 -124.914
-124.928 -124.679
-124.62 -124.444
-124.311 -124.209
-124.003 -123.976
-123.695 -123.743
-123.387 -123.51
-123.08 -123.278
-122.773 -123.046
-122.466 -122.814
-122.726 -122.582
-122.985 -122.35
-122.677 -122.119
-122.37 -121.888
-122.062 -121.658
-121.755 -121.429
-121.449 -121.2
-121.142 -120.971
-120.836 -120.743
-120.53 -120.516
-120.224 -120.289
-119.919 -120.063
-119.614 -119.838
-119.309 -119.613
-119.004 -119.388
-119.269 -119.162
-119.532 -118.936
-119.227 -118.712
-118.921 -118.487
-118.617 -118.264
-118.312 -118.041
-118.007 -117.818
-117.703 -117.596
-117.399 -117.375
-117.096 -117.154
-116.792 -116.934
-116.489 -116.715
-116.186 -116.496
-115.884 -116.276
-116.152 -116.056
-116.419 -115.837
-116.116 -115.618
-115.813 -115.399
-115.51 -115.182
-115.207 -114.964
-114.905 -114.748
-114.602 -114.532
-114.301 -114.316
-113.999 -114.101
-113.698 -113.887
-113.397 -113.673
-113.096 -113.459
-113.367 -113.244
-113.638 -113.03
-113.336 -112.817
-113.035 -112.603
-112.734 -112.391
-112.433 -112.179
-112.132 -111.968
-111.832 -111.757
-111.532 -111.547
-111.232 -111.337
-110.932 -111.128
-110.633 -110.919
-110.334 -110.71
-110.608 -110.501
-110.882 -110.292
-110.582 -110.083
-110.283 -109.875
-109.983 -109.668
-109.684 -109.461
-109.385 -109.255
-109.087 -109.05
-108.788 -108.845
-108.49 -108.64
-108.192 -108.436
-107.895 -108.233
-107.598 -108.029
-107.875 -107.825
-108.153 -107.621
-107.855 -107.417
-107.557 -107.215
-107.259 -107.012
-106.962 -106.811
-106.664 -106.61
-106.368 -106.409
-106.071 -106.209
-105.775 -106.01
-105.478 -105.811
-105.183 -105.612
-105.463 -105.412
-105.744 -105.213
-105.447 -105.014
-105.151 -104.816
-104.854 -104.618
-104.558 -104.421
-104.263 -104.225
-103.967 -104.029
-103.672 -103.833
-103.377 -103.639
-103.082 -103.443
-103.366 -103.247
-103.649 -103.052
-103.353 -102.857
-103.058 -102.663
-102.763 -102.469
-102.468 -102.276
-102.173 -102.084
-101.879 -101.892
-101.585 -101.7
-101.291 -101.509
-100.998 -101.319
-100.704 -101.128
-100.991 -100.937
-101.277 -100.746
-100.982 -100.556
-100.689 -100.366
-100.395 -100.177
-100.101 -99.988
-99.8084 -99.8
-99.5155 -99.6124
-99.2229 -99.4254
-98.9305 -99.239
-98.6384 -99.052
-98.9272 -98.8645
-99.2155 -98.6776
-98.9225 -98.4912
-98.6298 -98.3053
-98.3373 -98.12
-98.0451 -97.9352
-97.7531 -97.751
-97.4613 -97.5674
-97.1699 -97.3843
-96.8786 -97.2017
-96.5877 -97.0186
-96.879 -96.835
-97.1697 -96.6519
-96.8779 -96.4693
-96.5863 -96.2873
-96.2949 -96.1059
-96.0038 -95.925
-95.713 -95.7446
-95.4224 -95.5648
-95.132 -95.3856
-94.8419 -95.2069
-94.5521 -95.0276
-94.8459 -94.8478
-95.1391 -94.6686
-94.8484 -94.4898
-94.5579 -94.3117
-94.2677 -94.1341
-93.9777 -93.957
-93.6879 -93.7805
-93.3984 -93.6045
-93.1092 -93.4291
-92.8202 -93.2531
-93.116 -93.0765
-93.4113 -92.9005
-93.1215 -92.7251
-92.8318 -92.5502
-92.5425 -92.3758
-92.2533 -92.202
-91.9644 -92.0287
-91.6758 -91.856
-91.3874 -91.6838
-91.0992 -91.5111
-91.3971 -91.3378
-91.6945 -91.165
-91.4055 -90.9928
-91.1167 -90.8212
-90.8281 -90.65
-90.5398 -90.4795
-90.2518 -90.3094
-89.964 -90.1399
-89.6764 -89.971
-89.3891 -89.8015
-89.689 -89.6314
-89.9885 -89.4619
-89.7003 -89.2929
-89.4123 -89.1244
-89.1246 -88.9565
-88.8371 -88.7892
-88.5499 -88.6224
-88.2629 -88.4561
-87.9761 -88.2903
-87.6896 -88.124
-87.9916 -87.9572
-88.2931 -87.7908
-88.0057 -87.625
-87.7185 -87.4598
-87.4316 -87.2951
-87.145 -87.1309
-86.8585 -86.9673
-86.5723 -86.8042
-86.2864 -86.6417
-86.0006 -86.4786
-86.3047 -86.3149
-86.6082 -86.1517
-86.3216 -85.9891
-86.0353 -85.8271
-85.7491 -85.6655
-85.4633 -85.5046
-85.1776 -85.3441
-84.8922 -85.1842
-84.607 -85.0237
-84.9127 -84.8627
-85.2178 -84.7021
-84.9318 -84.5422
-84.646 -84.3827
-84.3604 -84.2238
-84.0751 -84.0654
-83.79 -83.9076
-83.5051 -83.7503
-83.2205 -83.5936
-82.936 -83.4363
-83.2437 -83.2783
-83.5509 -83.121
-83.2656 -82.9641
-82.9806 -82.8078
-82.6958 -82.6521
-82.4112 -82.4969
-82.1269 -82.3422
-81.8427 -82.188
-81.5588 -82.0333
-81.8681 -81.878
-82.1769 -81.7232
-81.8922 -81.569
-81.6077 -81.4153
-81.3234 -81.2621
-81.0393 -81.1095
-80.7555 -80.9574
-80.4719 -80.8058
-80.1885 -80.6537
-80.4994 -80.501
-80.8098 -80.3488
-80.5255 -80.1971
-80.2415 -80.046
-79.9578 -79.8954
-79.6742 -79.7454
-79.3909 -79.5958
-79.1078 -79.4469
-78.8249 -79.2973
-79.1374 -79.1471
-79.4493 -78.9975
-79.1656 -78.8484
-78.8821 -78.6999
-78.5988 -78.5519
-78.3158 -78.4044
-78.0329 -78.2574
-77.7503 -78.111
-77.4679 -77.964
-77.782 -77.8164
-78.0956 -77.6693
-77.8123 -77.5228
-77.5293 -77.3768
-77.2465 -77.2314
-76.9639 -77.0864
-76.6815 -76.942
-76.3994 -76.797
-76.7147 -76.6515
-77.0295 -76.5064
-76.7465 -76.3619
-76.4637 -76.2179
-76.1812 -76.0745
-75.8989 -75.9315
-75.6167 -75.7892
-75.3348 -75.6473
-75.0531 -75.5049
-75.37 -75.3618
-75.6864 -75.2193
-75.4039 -75.0773
-75.1216 -74.9359
-74.8395 -74.795
-74.5576 -74.6546
-74.2759 -74.5147
-73.9945 -74.3754
-73.7132 -74.2355
-74.0317 -74.095
-74.3496 -73.955
-74.0675 -73.8155
-73.7857 -73.6766
-73.504 -73.5382
-73.2226 -73.4003
-72.9414 -73.263
-72.6603 -73.1251
-72.98 -72.9866
-73.2991 -72.8486
-73.0172 -72.7111
-72.7356 -72.5741
-72.4542 -72.4377
-72.173 -72.3019
-71.892 -72.1665
-71.6112 -72.0306
-71.932 -71.894
-72.2523 -71.758
-71.9707 -71.6225
-71.6892 -71.4875
-71.408 -71.3531
-71.127 -71.2192
-70.8462 -71.0858
-70.5656 -70.953
-70.2852 -70.8195
-70.6076 -70.6855
-70.9294 -70.552
-70.6482 -70.419
-70.3672 -70.2865
-70.0864 -70.1546
-69.8058 -70.0232
-69.5254 -69.8923
-69.2452 -69.7608
-69.5687 -69.6287
-69.8917 -69.4971
-69.6107 -69.3661
-69.3299 -69.2356
-69.0493 -69.1056
-68.7689 -68.9762
-68.4887 -68.8473
-68.2087 -68.7178
-68.5334 -68.5876
-68.8575 -68.458
-68.5767 -68.3289
-68.2961 -68.2004
-68.0157 -68.0724
-67.7355 -67.9449
-67.4554 -67.8179
-67.1756 -67.6903
-67.5014 -67.5621
-67.8267 -67.4345
-67.5461 -67.3073
-67.2657 -67.1807
-66.9854 -67.0547
-66.7054 -66.9291
-66.4255 -66.8041
-66.1458 -66.6785
-66.4728 -66.5522
-66.7993 -66.4265
-66.5188 -66.3013
-66.2385 -66.1766
-65.9585 -66.0525
-65.6786 -65.9289
-65.3989 -65.8058
-65.1194 -65.6821
-65.4475 -65.5578
-65.7751 -65.434
-65.4948 -65.3108
-65.2147 -65.1881
-64.9348 -65.0659
-64.655 -64.9442
-64.3755 -64.8219
-64.7043 -64.699
-65.0328 -64.5766
-64.7524 -64.4547
-64.4723 -64.3334
-64.1923 -64.2126
-63.9125 -64.0924
-63.633 -63.9726
-63.3535 -63.8523
-63.6836 -63.7313
-64.0131 -63.6108
-63.7329 -63.4909
-63.4529 -63.3715
-63.1731 -63.2526
-62.8935 -63.1343
-62.614 -63.0165
-62.3347 -62.898
-62.6658 -62.779
-62.9965 -62.6604
-62.7165 -62.5424
-62.4366 -62.425
-62.1569 -62.308
-61.8774 -62.1916
-61.598 -62.0745
-61.9299 -61.9569
-62.2614 -61.8397
-61.9813 -61.7231
-61.7014 -61.607
-61.4216 -61.4915
-61.142 -61.3764
-60.8626 -61.2619
-60.5834 -61.1468
-60.9164 -61.031
-61.249 -60.9158
-60.969 -60.8011
-60.6892 -60.6869
-60.4095 -60.5733
-60.1301 -60.4602
-59.8508 -60.3464
-60.1846 -60.232
-60.5179 -60.1182
-60.2378 -60.0049
-59.9579 -59.8921
-59.6782 -59.7798
-59.3987 -59.6681
-59.1193 -59.5557
-59.4539 -59.4427
-59.788 -59.3302
-59.5078 -59.2183
-59.2279 -59.1069
-58.9481 -58.996
-58.6685 -58.8857
-58.389 -58.7758
-58.1097 -58.6654
-58.4454 -58.5543
-58.7806 -58.4437
-58.5005 -58.3337
-58.2207 -58.2242
-57.941 -58.1152
-57.6614 -58.0067
-57.382 -57.8976
-57.7184 -57.7879
-58.0544 -57.6787
-57.7743 -57.5701
-57.4943 -57.4619
-57.2145 -57.3543
-56.9349 -57.2472
-56.6554 -57.1395
-56.9926 -57.0312
-57.3292 -56.9233
-57.049 -56.816
-56.769 -56.7093
-56.4891 -56.603
-56.2094 -56.4973
-55.9298 -56.391
-56.2677 -56.284
-56.6051 -56.1776
-56.3248 -56.0716
-56.0447 -55.9662
-55.7647 -55.8614
-55.4849 -55.757
-55.2052 -55.6521
-55.5438 -55.5464
-55.882 -55.4414
-55.6016 -55.3368
-55.3214 -55.2328
-55.0413 -55.1293
-54.7614 -55.0263
-54.4816 -54.9227
-54.8209 -54.8184
-55.1599 -54.7147
-54.8794 -54.6115
-54.599 -54.5089
-54.3188 -54.4067
-54.0388 -54.3051
-53.7589 -54.2029
-54.099 -54.1
-54.4386 -53.9976
-54.158 -53.8958
-53.8775 -53.7945
-53.5972 -53.6937
-53.317 -53.5935
-53.037 -53.4926
-53.3779 -53.3911
-53.7183 -53.2901
-53.4375 -53.1896
-53.1569 -53.0897
-52.8765 -52.9903
-52.5962 -52.8914
-52.316 -52.7919
-52.6576 -52.6917
-52.9987 -52.5921
-52.7179 -52.493
-52.4372 -52.3944
-52.1566 -52.2963
-51.8762 -52.1988
-51.5959 -52.1007
-51.9382 -52.0018
-52.28 -51.9036
-51.999 -51.8058
-51.7182 -51.7086
-51.4375 -51.6119
-51.1569 -51.5158
-50.8765 -51.419
-51.2195 -51.3215
-51.5621 -51.2246
-51.2809 -51.1282
-50.9999 -51.0323
-50.7191 -50.937
-50.4383 -50.8422
-50.1578 -50.7468
-50.5015 -50.6507
-50.8448 -50.5551
-50.5635 -50.4601
-50.2824 -50.3656
-50.0014 -50.2716
-49.7205 -50.177
-50.0646 -50.0817
-50.4083 -49.987
-50.1268 -49.8928
-49.8453 -49.7991
-49.564 -49.7059
-49.2829 -49.6133
-49.0019 -49.5201
-49.3467 -49.4261
-49.6911 -49.3328
-49.4094 -49.2399
-49.1278 -49.1476
-48.8464 -49.0558
-48.565 -48.9645
-48.2838 -48.8726
-48.6294 -48.7801
-48.9745 -48.688
-48.6926 -48.5965
-48.4109 -48.5056
-48.1293 -48.4151
-47.8478 -48.3241
-48.1937 -48.2323
-48.5392 -48.1411
-48.2571 -48.0504
-47.975 -47.9603
-47.6931 -47.8707
-47.4113 -47.7816
-47.1296 -47.6919
-47.4763 -47.6015
-47.8225 -47.5116
-47.5402 -47.4223
-47.2579 -47.3335
-46.9758 -47.2453
-46.6939 -47.1564
-47.0409 -47.0668
-47.3875 -46.9778
-47.1049 -46.8893
-46.8223 -46.8013
-46.5399 -46.7139
-46.2577 -46.627
-45.9755 -46.5395
-46.3232 -46.4513
-46.6706 -46.3636
-46.3877 -46.2765
-46.105 -46.1898
-45.8224 -46.1038
-45.5399 -46.0171
-45.8881 -45.9297
-46.2358 -45.8428
-45.9526 -45.7565
-45.6696 -45.6707
-45.3867 -45.5855
-45.1039 -45.5008
-44.8212 -45.4154
-45.17 -45.3294
-45.5185 -45.2439
-45.2351 -45.1589
-44.9519 -45.0745
-44.6688 -44.9906
-44.3858 -44.906
-44.735 -44.8208
-45.0838 -44.7362
-44.8001 -44.652
-44.5166 -44.5684
-44.2332 -44.4854
-43.9499 -44.4028
-43.6666 -44.3196
-44.0165 -44.2358
-44.366 -44.1525
-44.0822 -44.0697
-43.7984 -43.9874
-43.5148 -43.9057
-43.2312 -43.8234
-43.5815 -43.7403
-43.9314 -43.6578
-43.6472 -43.5759
-43.3631 -43.4945
-43.0791 -43.4136
-42.7953 -43.332
-43.1459 -43.2498
-43.4962 -43.1682
-43.2117 -43.087
-42.9273 -43.0064
-42.643 -42.9264
-42.3588 -42.8457
-42.7098 -42.7643
-43.0605 -42.6834
-42.7757 -42.6031
-42.4909 -42.5234
-42.2063 -42.4441
-41.9218 -42.3654
-41.6373 -42.2861
-41.989 -42.206
-42.3404 -42.1266
-42.0553 -42.0476
-41.7703 -41.9692
-41.4855 -41.8913
-41.2007 -41.8128
-41.5528 -41.7336
-41.9045 -41.6549
-41.6191 -41.5768
-41.3338 -41.4992
-41.0486 -41.4222
-40.7635 -41.3445
-41.116 -41.2661
-41.4681 -41.1883
-41.1823 -41.111
-40.8967 -41.0342
-40.6111 -40.958
-40.3257 -40.8811
-40.6785 -40.8036
-41.031 -40.7266
-40.7449 -40.6501
-40.4589 -40.5742
-40.173 -40.4988
-39.8872 -40.4227
-40.2405 -40.346
-40.5933 -40.2698
-40.3069 -40.1942
-40.0206 -40.1191
-39.7343 -40.0445
-39.4482 -39.9693
-39.8018 -39.8934
-40.155 -39.8181
-39.8683 -39.7433
-39.5816 -39.669
-39.295 -39.5953
-39.0085 -39.5209
-39.3625 -39.4458
-39.7161 -39.3713
-39.429 -39.2973
-39.1419 -39.2239
-38.855 -39.151
-38.5681 -39.0774
-38.9225 -39.0032
-39.2765 -38.9295
-38.989 -38.8563
-38.7016 -38.7837
-38.4143 -38.7117
-38.1271 -38.639
-38.4818 -38.5656
-38.8362 -38.4927
-38.5484 -38.4204
-38.2606 -38.3486
-37.973 -38.2774
-37.6854 -38.2055
-38.0405 -38.1329
-38.3953 -38.0609
-38.1071 -37.9894
-37.819 -37.9185
-37.5309 -37.8481
-37.243 -37.777
-37.5985 -37.7053
-37.9536 -37.6341
-37.6651 -37.5635
-37.3766 -37.4934
-37.0882 -37.4238
-36.7999 -37.3536
-37.1557 -37.2827
-37.5112 -37.2124
-37.2223 -37.1426
-36.9335 -37.0733
-36.6447 -37.0046
-36.3561 -36.9352
-36.7123 -36.8651
-37.0681 -36.7956
-36.7789 -36.7267
-36.4897 -36.6582
-36.2005 -36.5904
-35.9115 -36.5218
-36.2681 -36.4526
-36.6243 -36.3839
-36.3346 -36.3158
-36.0451 -36.2482
-35.7556 -36.1812
-35.4661 -36.1135
-35.8231 -36.0451
-36.1797 -35.9773
-35.8897 -35.91
-35.5997 -35.8433
-35.3098 -35.7771
-35.02 -35.7102
-35.3773 -35.6427
-35.7343 -35.5745
-36.0909 -35.5068
-35.8002 -35.4397
-35.5095 -35.3731
-35.2189 -35.3071
-34.9284 -35.2416
-34.638 -35.1755
-34.9956 -35.1087
-35.3528 -35.0424
-35.0618 -34.9767
-34.7708 -34.9115
-34.4799 -34.8469
-34.1891 -34.7816
-34.547 -34.7157
-34.9046 -34.6502
-34.6132 -34.5854
-34.3219 -34.5211
-34.0306 -34.4573
-33.7393 -34.3928
-34.0976 -34.3277
-34.4556 -34.2631
-34.1638 -34.1991
-33.8721 -34.1357
-33.5804 -34.0715
-33.9388 -34.0067
-34.2969 -33.9424
-34.0047 -33.8787
-33.7124 -33.8155
-33.4203 -33.7529
-33.1282 -33.6896
-33.487 -33.6257
-33.8455 -33.5623
-33.5528 -33.4994
-33.2602 -33.4371
-32.9677 -33.3753
-32.6752 -33.3129
-33.0343 -33.2498
-33.3932 -33.1872
-33.1001 -33.1252
-32.8071 -33.0638
-32.5142 -33.0021
-32.6203 -32.9398
-32.9794 -32.8768
-33.3383 -32.8143
-33.0446 -32.7524
-32.751 -32.6911
-32.4574 -32.6303
-32.1639 -32.5701
-31.8705 -32.5091
-32.2302 -32.4475
-32.5896 -32.3865
-32.2956 -32.326
-32.0017 -32.2661
-31.7077 -32.2055
-32.0676 -32.1442
-32.4272 -32.0835
-32.1327 -32.0233
-31.8382 -31.9637
-31.5439 -31.9046
-31.2496 -31.8449
-31.6098 -31.7845
-31.9697 -31.7246
-31.6748 -31.6653
-31.38 -31.6065
-31.0852 -31.5483
-30.7904 -31.4895
-31.151 -31.4299
-31.5113 -31.3697
-31.8712 -31.31
-31.5756 -31.2509
-31.28 -31.1923
-30.9845 -31.1343
-30.6891 -31.0769
-30.3937 -31.0187
-30.7545 -30.9599
-31.1151 -30.9017
-30.8191 -30.844
-30.5232 -30.7869
-30.2273 -30.729
-30.5883 -30.6706
-30.9489 -30.6126
-30.6525 -30.5552
-30.3561 -30.4984
-30.0598 -30.4422
-29.7635 -30.3852
-30.1248 -30.3276
-30.4858 -30.2706
-30.189 -30.2141
-29.8922 -30.1581
-29.5954 -30.1015
-29.9568 -30.0442
-30.318 -29.9875
-30.0207 -29.9313
-29.7234 -29.8757
-29.4262 -29.8206
-29.129 -29.7649
-29.4907 -29.7085
-29.8522 -29.6526
-29.5545 -29.5973
-29.2568 -29.5426
-28.9591 -29.4872
-29.321 -29.4311
-29.6826 -29.3755
-29.3844 -29.3206
-29.0862 -29.2662
-28.7881 -29.2123
-28.49 -29.1578
-28.8522 -29.1026
-29.2142 -29.0479
-28.9155 -28.9938
-28.6169 -28.9403
-28.3184 -28.8861
-28.6807 -28.8312
-29.0428 -28.7769
-28.7437 -28.7231
-28.4446 -28.6699
-28.1456 -28.6173
-27.8466 -28.564
-28.2092 -28.51
-28.5716 -28.4553
-28.9337 -28.4012
-28.6339 -28.3476
-28.3341 -28.2946
-28.0344 -28.2422
-27.7347 -28.1904
-27.435 -28.1378
-27.7979 -28.0846
-28.1606 -28.0307
-28.523 -27.9774
-28.2225 -27.9246
-27.922 -27.8724
-27.6215 -27.8207
-27.3211 -27.7697
-27.0208 -27.7179
-27.384 -27.6655
-27.7469 -27.6124
-28.1096 -27.5598
-27.8084 -27.5078
-27.5072 -27.4564
-27.2061 -27.4055
-26.905 -27.3553
-26.6039 -27.3043
-26.9674 -27.2526
-27.3307 -27.2003
-27.6936 -27.1485
-27.3917 -27.0973
-27.0899 -27.0467
-26.788 -26.9966
-26.4862 -26.9471
-26.1844 -26.897
-26.5482 -26.8461
-26.9117 -26.7946
-27.275 -26.7436
-26.9724 -26.6932
-26.6698 -26.6433
-26.3673 -26.5941
-26.0648 -26.5454
-25.7623 -26.496
-26.1263 -26.4459
-26.4901 -26.3952
-26.8537 -26.345
-26.5504 -26.2954
-26.2471 -26.2464
-25.9439 -26.1979
-25.6407 -26.15
-25.3374 -26.1014
-25.7018 -26.0522
-26.0659 -26.0022
-26.4297 -25.9528
-26.1257 -25.904
-25.8217 -25.8558
-25.5178 -25.8082
-25.2138 -25.7598
-25.5782 -25.7108
-25.9424 -25.6623
-25.6379 -25.6144
-25.3335 -25.5671
-25.0291 -25.5204
-24.7247 -25.473
-25.0894 -25.4249
-25.4539 -25.3761
-25.8181 -25.3279
-25.5129 -25.2802
-25.2078 -25.2332
-24.9026 -25.1867
-24.5975 -25.1395
-24.9623 -25.0916
-25.3268 -25.0443
-25.0212 -24.9976
-24.7156 -24.9515
-24.41 -24.9059
-24.1043 -24.8597
-24.4695 -24.8127
-24.8343 -24.7651
-25.199 -24.7181
-24.8926 -24.6716
-24.5862 -24.6257
-24.2799 -24.5804
-23.9735 -24.5344
-24.3387 -24.4877
-24.7037 -24.4416
-24.3968 -24.3961
-24.09 -24.3511
-23.7832 -24.3055
-24.1485 -24.2592
-24.5135 -24.2134
-24.2062 -24.1682
-23.8989 -24.1236
-23.5916 -24.0796
-23.2842 -24.0349
-23.6499 -23.9896
-24.0153 -23.9435
-24.3804 -23.898
-24.0723 -23.8531
-23.7643 -23.8087
-23.4562 -23.765
-23.1482 -23.7205
-23.5139 -23.6754
-23.8793 -23.6309
-23.5708 -23.5869
-23.2623 -23.5435
-22.9537 -23.4994
-23.3195 -23.4547
-23.6851 -23.4105
-23.3761 -23.3669
-23.067 -23.3239
-22.758 -23.2805
-22.9608 -23.2364
-23.3266 -23.1916
-23.6921 -23.1474
-23.3824 -23.1038
-23.0727 -23.0608
-22.763 -23.0184
-22.4533 -22.9765
-22.1436 -22.934
-22.5099 -22.8907
-22.876 -22.8468
-23.2418 -22.8035
-22.9314 -22.7607
-22.6209 -22.7185
-22.3105 -22.677
-22 -22.6347
-22.3664 -22.5917
-22.7326 -22.5493
-22.4216 -22.5076
-22.1107 -22.4664
-21.7997 -22.4245
-22.1662 -22.3819
-22.5325 -22.3399
-22.2211 -22.2985
-21.9096 -22.2577
-21.5982 -22.2161
-21.9648 -22.1739
-22.3312 -22.1323
-22.0193 -22.0913
-21.7074 -22.0509
-21.3954 -22.0097
-21.7622 -21.9679
-22.1287 -21.9267
-21.8162 -21.886
-21.5038 -21.846
-21.1914 -21.8052
-21.5582 -21.7638
-21.9249 -21.7229
-21.6119 -21.6827
-21.299 -21.643
-20.9861 -21.6027
-21.353 -21.5616
-21.7198 -21.5212
-21.4064 -21.4813
-21.0929 -21.442
-20.7795 -21.4021
-21.1466 -21.3614
-21.5135 -21.3213
-21.1995 -21.2818
-20.8856 -21.243
-20.5717 -21.2034
-20.9389 -21.1631
-21.3059 -21.1235
-20.9914 -21.0844
-20.677 -21.0459
-20.3626 -21.0067
-20.7299 -20.9668
-21.097 -20.9276
-20.7821 -20.8889
-20.4671 -20.8508
-20.1522 -20.812
-20.5196 -20.7725
-20.8869 -20.7336
-20.5714 -20.6954
-20.256 -20.6577
-19.9405 -20.6193
-20.3081 -20.5802
-20.6754 -20.5404
-21.0426 -20.5013
-20.7264 -20.4627
-20.4102 -20.4247
-20.0941 -20.3873
-19.7778 -20.3493
-20.1455 -20.3105
-20.5129 -20.2723
-20.1962 -20.2348
-19.8796 -20.1978
-19.5628 -20.1601
-19.9306 -20.1217
-20.2981 -20.084
-19.981 -20.0468
-19.6638 -20.0103
-19.3465 -19.973
-19.7144 -19.935
-20.0821 -19.8977
-19.7644 -19.8609
-19.4467 -19.8248
-19.129 -19.7879
-19.497 -19.7504
-19.8647 -19.7134
-19.5465 -19.6771
-19.2283 -19.6414
-18.9101 -19.6049
-19.2782 -19.5678
-19.6461 -19.53
-20.0138 -19.4927
-19.6949 -19.4561
-19.3759 -19.4201
-19.0569 -19.3847
-18.7379 -19.3486
-19.1061 -19.3118
-19.4741 -19.2756
-19.1547 -19.24
-18.8352 -19.205
-18.5157 -19.1693
-18.884 -19.1329
-19.2521 -19.0971
-18.9321 -19.0619
-18.6121 -19.0274
-18.2921 -18.9921
-18.6605 -18.9561
-19.0288 -18.9195
-19.3968 -18.8834
-19.0761 -18.848
-18.7554 -18.8131
-18.4346 -18.7789
-18.1138 -18.744
-18.4824 -18.7083
-18.8507 -18.6733
-18.5294 -18.6389
-18.2082 -18.6051
-17.8869 -18.5706
-18.2555 -18.5354
-18.6239 -18.4995
-18.9922 -18.4642
-18.6702 -18.4295
-18.3482 -18.3955
-18.0262 -18.362
-17.7041 -18.3278
-18.0729 -18.293
-18.4414 -18.2587
-18.1189 -18.2251
-17.7963 -18.1921
-17.4737 -18.1584
-17.8426 -18.1239
-18.2112 -18.0888
-18.5797 -18.0543
-18.2564 -18.0204
-17.9332 -17.9871
-17.6099 -17.9545
-17.2865 -17.9211
-17.6555 -17.887
-18.0242 -17.8536
-17.7004 -17.8207
-17.3766 -17.7885
-17.0527 -17.7556
-17.4218 -17.722
-17.7906 -17.6876
-18.1593 -17.6539
-17.8348 -17.6208
-17.5102 -17.5884
-17.1856 -17.5565
-16.861 -17.5239
-17.2301 -17.4907
-17.5991 -17.4567
-17.9678 -17.4234
-17.6425 -17.3906
-17.3172 -17.3585
-16.9919 -17.327
-16.6665 -17.2948
-17.0357 -17.2619
-17.4048 -17.2296
-17.0789 -17.198
-16.753 -17.1669
-16.4271 -17.1352
-16.7965 -17.1028
-17.1656 -17.0696
-17.5346 -17.0371
-17.208 -17.0052
-16.8814 -16.9739
-16.5548 -16.9432
-16.2281 -16.9119
-16.5975 -16.8798
-16.9668 -16.847
-17.3358 -16.8149
-17.0085 -16.7833
-16.6811 -16.7524
-16.3537 -16.7221
-16.0262 -16.6912
-16.3958 -16.6595
-16.7651 -16.6271
-17.1343 -16.5953
-16.8062 -16.5642
-16.4781 -16.5337
-16.1499 -16.5038
-15.8216 -16.4732
-16.1913 -16.4419
-16.5607 -16.4112
-16.232 -16.3811
-15.9033 -16.3517
-15.5745 -16.3216
-15.9443 -16.2907
-16.3138 -16.2592
-16.6832 -16.2283
-16.3538 -16.198
-16.0244 -16.1683
-15.6949 -16.1393
-15.3653 -16.1095
-15.7352 -16.0791
-16.1048 -16.048
-16.4743 -16.0175
-16.1441 -15.9876
-15.8139 -15.9583
-15.4837 -15.9297
-15.1533 -15.9003
-15.5233 -15.8703
-15.893 -15.8396
-16.2626 -15.8094
-15.9316 -15.78
-15.6007 -15.7511
-15.2696 -15.7229
-14.9385 -15.6939
-15.3085 -15.6643
-15.6784 -15.634
-16.048 -15.6043
-15.7163 -15.5752
-15.3846 -15.5467
-15.0527 -15.5189
-14.7208 -15.4904
-15.091 -15.4612
-15.4609 -15.4313
-15.8307 -15.402
-15.4982 -15.3733
-15.1657 -15.3453
-14.833 -15.3179
-14.5004 -15.2898
-14.8706 -15.2609
-15.2406 -15.2314
-15.6105 -15.2026
-15.2772 -15.1743
-14.9439 -15.1467
-14.6105 -15.1197
-14.2771 -15.092
-14.6474 -15.0637
-15.0175 -15.0346
-15.3875 -15.0061
-15.0534 -14.9783
-14.7193 -14.9511
-14.3852 -14.9246
-14.0509 -14.8973
-14.4213 -14.8694
-14.7915 -14.8407
-15.1616 -14.8127
-14.8268 -14.7853
-14.4919 -14.7585
-14.1569 -14.7311
-14.5273 -14.7029
-14.8975 -14.6754
-14.5621 -14.6485
-14.2267 -14.6223
-13.8911 -14.5953
-14.2616 -14.5676
-14.6319 -14.5393
-15.0021 -14.5116
-14.666 -14.4845
-14.3298 -14.458
-13.9936 -14.4322
-13.6573 -14.4057
-14.0278 -14.3785
-14.3982 -14.3506
-14.7685 -14.3233
-14.4316 -14.2967
-14.0946 -14.2707
-13.7576 -14.2453
-13.4205 -14.2192
-13.7912 -14.1925
-14.1617 -14.165
-14.532 -14.1382
-14.1944 -14.112
-13.8566 -14.0864
-13.5188 -14.0615
-13.1809 -14.0359
-13.5517 -14.0096
-13.9223 -13.9826
-14.2927 -13.9562
-13.9543 -13.9305
-13.6157 -13.9054
-13.2771 -13.8796
-13.6478 -13.8531
-14.0184 -13.8272
-13.6794 -13.802
-13.3403 -13.7775
-13.0011 -13.7522
-13.372 -13.7262
-13.7426 -13.6995
-14.1131 -13.6735
-13.7734 -13.6481
-13.4336 -13.6234
-13.0937 -13.5993
-12.7537 -13.5745
-13.1247 -13.549
-13.4954 -13.5228
-13.8661 -13.4972
-13.5255 -13.4723
-13.1849 -13.448
-12.8442 -13.423
-13.2151 -13.3973
-13.5859 -13.3723
-13.2448 -13.3479
-12.9036 -13.3242
-12.5624 -13.2997
-12.9333 -13.2746
-13.3042 -13.2487
-13.6749 -13.2235
-13.3331 -13.199
-12.9912 -13.1751
-12.6492 -13.1518
-12.3072 -13.1279
-12.6783 -13.1032
-13.0492 -13.0778
-13.42 -13.0531
-13.0774 -13.029
-12.7347 -13.0056
-12.3919 -12.9815
-12.763 -12.9567
-13.1339 -12.9325
-12.7907 -12.909
-12.4475 -12.8861
-12.1041 -12.8625
-12.4753 -12.8382
-12.8463 -12.8133
-13.2172 -12.7889
-12.8733 -12.7653
-12.5294 -12.7422
-12.1853 -12.7198
-11.8411 -12.6968
-12.2124 -12.673
-12.5835 -12.6485
-12.9545 -12.6247
-12.6098 -12.6015
-12.265 -12.579
-11.9202 -12.5557
-12.2914 -12.5318
-12.6625 -12.5085
-12.3172 -12.4859
-11.9719 -12.4639
-11.6264 -12.4412
-11.9978 -12.4179
-12.369 -12.3938
-12.74 -12.3704
-12.394 -12.3476
-12.048 -12.3255
-11.7018 -12.3026
-12.0731 -12.2791
-12.4443 -12.2563
-12.0977 -12.2341
-11.7511 -12.2125
-11.4043 -12.1902
-11.7758 -12.1673
-12.1471 -12.1436
-12.5182 -12.1206
-12.1709 -12.0983
-11.8236 -12.0766
-11.4761 -12.0556
-11.1285 -12.0338
-11.5 -12.0114
-11.8714 -11.9882
-12.2427 -11.9658
-11.8946 -11.9439
-11.5464 -11.9228
-11.1981 -11.9009
-11.5696 -11.8783
-11.941 -11.8551
-12.3122 -11.8325
-11.9634 -11.8105
-11.6145 -11.7892
-11.2655 -11.7686
-10.9163 -11.7473
-11.2879 -11.7252
-11.6594 -11.7025
-12.0307 -11.6804
-11.6811 -11.659
-11.3314 -11.6382
-10.9815 -11.6168
-11.3531 -11.5946
-11.7245 -11.5731
-11.3743 -11.5523
-11.024 -11.5321
-10.6736 -11.5112
-11.0453 -11.4897
-11.4168 -11.4674
-11.7882 -11.4458
-11.4373 -11.4248
-11.0863 -11.4045
-10.7351 -11.3835
-11.1068 -11.3618
-11.4783 -11.3408
-11.1268 -11.3204
-10.7752 -11.3007
-10.4234 -11.2803
-10.7952 -11.2592
-11.1668 -11.2374
-11.5383 -11.2163
-11.1861 -11.1958
-10.8337 -11.176
-10.4813 -11.1555
-10.853 -11.1343
-11.2246 -11.1123
-11.5961 -11.0911
-11.2431 -11.0705
-10.8901 -11.0506
-10.5369 -11.0314
-10.1836 -11.0114
-10.5554 -10.9908
-10.9272 -10.9694
-11.2987 -10.9487
-10.9449 -10.9287
-10.591 -10.9093
-10.237 -10.8893
-10.6088 -10.8685
-10.9805 -10.8471
-11.3521 -10.8263
-10.9976 -10.8062
-10.643 -10.7867
-10.2882 -10.768
-9.93337 -10.7485
-10.3053 -10.7283
-10.6771 -10.7074
-11.0487 -10.6872
-10.6934 -10.6677
-10.3379 -10.6488
-9.98235 -10.6292
-10.3543 -10.609
-10.726 -10.5894
-10.3701 -10.5704
-10.014 -10.5522
-9.65785 -10.5332
-10.0299 -10.5136
-10.4017 -10.4932
-10.7735 -10.4735
-10.4168 -10.4545
-10.06 -10.4362
-9.70313 -10.4171
-10.0751 -10.3974
-10.447 -10.3769
-10.8187 -10.3572
-10.4613 -10.3381
-10.1038 -10.3197
-9.74619 -10.3019
-9.38844 -10.2835
-9.76053 -10.2643
-10.1325 -10.2445
-10.5043 -10.2253
-10.1461 -10.2068
-9.78774 -10.189
-9.42926 -10.1704
-9.80134 -10.1512
-10.1733 -10.1313
-10.5451 -10.112
-10.1862 -10.0935
-9.82707 -10.0756
-9.46786 -10.0583
-9.10853 -10.0404
-9.4807 -10.0218
-9.85276 -10.0025
-10.2247 -9.98383
-9.86488 -9.96587
-9.50494 -9.94859
-9.14488 -9.9306
-9.51704 -9.91191
-9.88909 -9.89251
-10.261 -9.8738
-9.90046 -9.85577
-9.5398 -9.83842
-9.179 -9.82037
-9.55115 -9.80162
-9.92319 -9.78355
-9.56203 -9.76616
-9.20076 -9.74945
-8.83935 -9.73204
-9.2116 -9.71393
-9.58374 -9.69511
-9.95576 -9.67698
-9.59388 -9.65953
-9.23187 -9.64277
-8.86973 -9.6253
-9.24197 -9.60713
-9.6141 -9.58825
-9.98611 -9.57007
-9.62349 -9.55256
-9.26075 -9.53575
-8.89788 -9.51822
-9.27012 -9.5
-9.64224 -9.48246
-9.27901 -9.46561
-8.91565 -9.44945
-8.55216 -9.43258
-8.9245 -9.41501
-9.29672 -9.39674
-9.66883 -9.37915
-9.30486 -9.36225
-8.94077 -9.34604
-8.57655 -9.32913
-8.94888 -9.31151
-9.32109 -9.29319
-9.6932 -9.27556
-9.3285 -9.25862
-8.96367 -9.24237
-8.59872 -9.22541
-8.97104 -9.20776
-9.34324 -9.19079
-8.97793 -9.17451
-8.61249 -9.15892
-8.24691 -9.14263
-8.61932 -9.12564
-8.99164 -9.10794
-9.36384 -9.09093
-8.99779 -9.07462
-8.63161 -9.059
-8.26529 -9.04267
-8.6377 -9.02565
-9.01001 -9.00791
-9.3822 -8.99087
-9.01542 -8.97453
-8.6485 -8.95888
-8.28145 -8.94252
-8.65386 -8.92546
-9.02616 -8.9077
-9.39834 -8.89063
-9.03082 -8.87426
-8.66317 -8.85858
-8.29538 -8.8436
-7.92745 -8.82791
-8.29995 -8.81152
-8.67235 -8.79442
-9.04465 -8.77802
-8.67626 -8.76232
-8.30773 -8.74732
-7.93906 -8.73161
-8.31156 -8.7152
-8.68396 -8.69808
-9.05625 -8.68166
-8.68712 -8.66594
-8.31785 -8.65092
-7.94845 -8.63519
-8.32094 -8.61876
-8.69334 -8.60163
-9.06562 -8.58519
-8.69575 -8.56946
-8.32575 -8.55442
-7.9556 -8.54008
-7.58532 -8.52504
-7.95791 -8.5093
-8.3304 -8.49285
-8.70279 -8.4771
-8.33204 -8.46206
-7.96116 -8.44771
-7.59013 -8.43266
-7.96272 -8.41691
-8.33521 -8.40045
-8.7076 -8.3847
-8.33611 -8.36964
-7.96448 -8.35529
-7.59271 -8.34024
-7.9653 -8.32448
-8.33779 -8.30802
-8.71018 -8.29226
-8.33795 -8.2772
-7.96558 -8.26285
-7.59307 -8.2478
-7.96565 -8.23204
-8.33814 -8.21558
-8.71053 -8.19982
-8.33756 -8.18477
-7.96444 -8.17042
-7.59119 -8.15678
-7.21778 -8.14243
-7.59046 -8.12738
-7.96305 -8.11163
-8.33554 -8.09658
-7.96168 -8.08224
-7.58768 -8.0686
-7.21353 -8.05427
-7.58622 -8.03922
-7.9588 -8.02348
-8.3313 -8.00844
-7.95669 -7.99411
-7.58194 -7.98049
-7.20705 -7.96616
-7.57973 -7.95113
-7.95232 -7.9354
-8.32482 -7.92037
-7.94947 -7.90606
-7.57397 -7.89246
-7.19833 -7.87815
-7.57102 -7.86313
-7.94361 -7.84742
-8.3161 -7.83241
-7.94001 -7.81811
-7.56377 -7.80453
-7.18737 -7.79166
-6.81083 -7.77808
-7.18361 -7.7638
-7.5563 -7.74881
-7.9289 -7.73454
-7.55191 -7.72098
-7.17477 -7.70813
-6.79747 -7.69458
-7.17025 -7.68032
-7.54295 -7.66536
-7.91555 -7.65112
-7.53781 -7.63758
-7.15992 -7.62477
-6.78187 -7.61124
-7.15466 -7.59702
-7.52736 -7.58209
-7.89996 -7.56787
-7.52147 -7.55437
-7.14283 -7.54159
-6.76404 -7.5281
-7.13683 -7.51391
-7.50953 -7.49901
-7.88214 -7.48483
-7.5029 -7.47136
-7.1235 -7.45862
-6.74396 -7.44517
-7.11675 -7.43101
-7.48946 -7.41615
-7.86207 -7.40201
-7.48208 -7.38859
-7.10193 -7.37589
-6.72163 -7.36248
-7.09443 -7.34836
-7.46714 -7.33497
-7.0865 -7.3223
-6.70569 -7.31034
-6.32473 -7.29769
-6.69762 -7.28432
-7.07043 -7.27025
-7.44314 -7.25691
-7.06174 -7.24428
-6.68018 -7.23238
-6.29846 -7.21977
-6.67136 -7.20646
-7.04417 -7.19244
-7.41689 -7.17914
-7.03474 -7.16657
-6.65242 -7.15472
-6.26995 -7.14216
-6.64285 -7.1289
-7.01567 -7.11494
-7.3884 -7.1017
-7.00549 -7.08918
-6.62242 -7.07739
-6.23918 -7.06489
-6.61209 -7.05169
-6.98491 -7.03779
-7.35765 -7.02461
-6.97398 -7.01215
-6.59015 -7.00042
-6.20616 -6.98799
-6.57908 -6.97485
-6.95191 -6.961
-7.32466 -6.94789
-6.94023 -6.9355
-6.55564 -6.92383
-6.17089 -6.91147
-6.54381 -6.89839
-6.91665 -6.88462
-7.28941 -6.87157
-6.90422 -6.85925
-6.51887 -6.84766
-6.13336 -6.83536
-6.50629 -6.82236
-6.87914 -6.80865
-7.2519 -6.79567
-6.86596 -6.78343
-6.47985 -6.77191
-6.09358 -6.75969
-6.46652 -6.74676
-6.83937 -6.73313
-7.21214 -6.72023
-6.82544 -6.70806
-6.43857 -6.69662
-6.05153 -6.68448
-6.42448 -6.67164
-6.79735 -6.65952
-6.40997 -6.64814
-6.02242 -6.63749
-5.6347 -6.62613
-6.00774 -6.61407
-6.3807 -6.60131
-6.75357 -6.58928
-6.36543 -6.57798
-5.97712 -6.56742
-5.58864 -6.55615
-5.96168 -6.54418
-6.33465 -6.5315
-6.70753 -6.51956
-6.31863 -6.50835
-5.92955 -6.49788
-5.5403 -6.48671
-5.91335 -6.47483
-6.28633 -6.46224
-6.65923 -6.45039
-6.26956 -6.43928
-5.87971 -6.4289
-5.48969 -6.41782
-5.86276 -6.40604
-6.23574 -6.39355
-6.60865 -6.38179
-6.21821 -6.37078
-5.8276 -6.3605
-5.43681 -6.34952
-5.80989 -6.33784
-6.18289 -6.32545
-6.55581 -6.3138
-6.1646 -6.30288
-5.77322 -6.29271
-5.38166 -6.28184
-5.75474 -6.27025
-6.12775 -6.25797
-6.50069 -6.24642
-6.10871 -6.23562
-5.71656 -6.22556
-5.32423 -6.21479
-5.69732 -6.20331
-6.07034 -6.19114
-6.44329 -6.1797
-6.05054 -6.16901
-5.65762 -6.15906
-5.26452 -6.1484
-5.63762 -6.13704
-6.01066 -6.12498
-6.38361 -6.11366
-5.99009 -6.10308
-5.5964 -6.09325
-5.20252 -6.08271
-5.57564 -6.07147
-5.94869 -6.05952
-6.32166 -6.04832
-5.92736 -6.03786
-5.53289 -6.02815
-5.13824 -6.01773
-5.51137 -6.00661
-5.88443 -5.99478
-6.25742 -5.9837
-5.86235 -5.97337
-5.4671 -5.96378
-5.07167 -5.95349
-5.44482 -5.9425
-5.81789 -5.9308
-6.19089 -5.91984
-5.79504 -5.90964
-5.39902 -5.90018
-5.00282 -5.89002
-5.37597 -5.87916
-5.74906 -5.86759
-6.12207 -5.85677
-5.72545 -5.8467
-5.32865 -5.83737
-4.93166 -5.82735
-5.30483 -5.81662
-5.67793 -5.80518
-6.05096 -5.7945
-5.65356 -5.78456
-5.25598 -5.77538
-4.85822 -5.76549
-5.2314 -5.7549
-5.60451 -5.7436
-5.97755 -5.73306
-5.57937 -5.72327
-5.18101 -5.71423
-4.78247 -5.70448
-5.15566 -5.69403
-5.52879 -5.68288
-5.90184 -5.67248
-5.50289 -5.66283
-5.10375 -5.65394
-4.70441 -5.64434
-5.07762 -5.63404
-5.45076 -5.62303
-5.82384 -5.61278
-5.4241 -5.60329
-5.02417 -5.59455
-4.62406 -5.5851
-4.99728 -5.57495
-5.37043 -5.5641
-5.74352 -5.554
-5.343 -5.54466
-4.94229 -5.53608
-4.54139 -5.52679
-4.91462 -5.51679
-5.28779 -5.50609
-5.6609 -5.49615
-5.25959 -5.48697
-4.85809 -5.47855
-4.4564 -5.46942
-4.82965 -5.45959
-5.20284 -5.44905
-5.57596 -5.43927
-5.17387 -5.43025
-4.77158 -5.4214
-4.68381 -5.41184
-5.05702 -5.40158
-5.43017 -5.39061
-5.80324 -5.3804
-5.40041 -5.37096
-4.99738 -5.36228
-4.59417 -5.35289
-4.9674 -5.34279
-5.34056 -5.332
-5.71365 -5.32196
-5.31003 -5.31269
-4.90622 -5.30418
-4.50221 -5.29496
-4.87545 -5.28504
-5.24863 -5.27442
-5.62174 -5.26456
-5.21733 -5.25546
-4.81273 -5.24713
-4.40793 -5.23809
-4.78118 -5.22835
-5.15438 -5.2179
-5.52751 -5.20822
-5.12231 -5.19931
-4.71691 -5.19116
-4.31132 -5.18231
-4.68459 -5.17275
-5.0578 -5.16248
-5.43095 -5.15299
-5.02495 -5.14426
-4.61876 -5.13629
-4.21238 -5.12763
-4.58566 -5.11826
-4.95889 -5.10818
-5.33206 -5.09887
-4.92527 -5.09033
-4.51828 -5.08256
-4.1111 -5.07408
-4.4844 -5.0649
-4.85765 -5.05502
-5.23083 -5.0459
-4.82325 -5.03756
-4.41547 -5.02998
-4.00748 -5.0217
-4.3808 -5.01272
-4.75406 -5.00303
-5.12726 -4.99411
-4.71888 -4.98596
-4.3103 -4.97711
-4.68358 -4.96755
-5.05679 -4.95729
-5.42993 -4.9478
-5.02095 -4.93908
-4.61177 -4.93114
-4.20239 -4.92249
-4.57568 -4.91314
-4.94891 -4.90308
-5.32208 -4.8938
-4.9123 -4.88529
-4.50232 -4.87755
-4.09213 -4.86911
-4.46544 -4.85997
-4.83869 -4.85012
-5.21188 -4.84104
-4.80129 -4.83274
-4.39051 -4.82522
-3.97953 -4.817
-4.35285 -4.80806
-4.72612 -4.79843
-5.09933 -4.78957
-4.68794 -4.78148
-4.27636 -4.77418
-3.86456 -4.76617
-4.23791 -4.75746
-4.61119 -4.74803
-4.98442 -4.73939
-4.57223 -4.73153
-4.15984 -4.72445
-3.74724 -4.71666
-4.1206 -4.70817
-4.4939 -4.69897
-4.86715 -4.69055
-4.45416 -4.68291
-4.04096 -4.67606
-3.62755 -4.66849
-4.00092 -4.66023
-4.37425 -4.65125
-4.74751 -4.64158
-5.12071 -4.63268
-4.70685 -4.62457
-4.29278 -4.61724
-3.8785 -4.6092
-4.25184 -4.60046
-4.62513 -4.59101
-4.99835 -4.58235
-4.58368 -4.57447
-4.1688 -4.56738
-3.75371 -4.55958
-4.12707 -4.55107
-4.50038 -4.54186
-4.87362 -4.53343
-4.45814 -4.52579
-4.04245 -4.51894
-3.62655 -4.51138
-3.99992 -4.50311
-4.37325 -4.49414
-4.74651 -4.48596
-4.33022 -4.47856
-3.91372 -4.47195
-3.497 -4.46464
-3.8704 -4.45662
-4.24374 -4.44789
-4.61702 -4.43995
-4.19992 -4.4328
-3.7826 -4.42644
-3.36507 -4.41938
-3.73848 -4.41161
-4.11184 -4.40313
-4.48515 -4.39395
-4.85839 -4.38555
-4.44041 -4.37795
-4.02222 -4.37114
-3.60381 -4.36362
-3.97719 -4.3554
-4.35052 -4.34647
-4.72379 -4.33834
-4.30499 -4.33099
-3.88598 -4.32444
-3.46676 -4.31718
-3.84015 -4.30922
-4.2135 -4.30055
-4.58679 -4.29267
-4.16718 -4.28559
-3.74735 -4.2793
-3.3273 -4.27231
-3.70072 -4.26461
-4.07408 -4.2562
-4.4474 -4.24859
-4.02696 -4.24178
-3.60631 -4.23576
-3.18544 -4.22903
-3.55888 -4.2216
-3.93226 -4.21346
-4.3056 -4.20462
-4.67887 -4.19657
-4.25756 -4.18932
-3.83603 -4.18287
-3.41428 -4.17571
-3.78769 -4.16784
-4.16104 -4.15927
-4.53434 -4.1515
-4.1122 -4.14453
-3.68985 -4.13835
-3.26728 -4.13147
-3.6407 -4.12389
-4.01408 -4.11559
-4.3874 -4.1081
-3.96444 -4.10141
-3.54126 -4.09551
-3.11786 -4.08892
-3.4913 -4.08161
-3.8647 -4.0736
-4.23804 -4.06639
-3.81426 -4.05999
-3.39025 -4.05438
-2.96602 -4.04807
-3.33948 -4.04105
-3.71289 -4.03333
-4.08626 -4.0249
-4.45957 -4.01727
-4.0349 -4.01045
-3.61001 -4.00443
-3.1849 -3.99771
-3.55833 -3.99027
-3.93172 -3.98214
-4.30505 -3.97481
-3.87955 -3.96828
-3.45383 -3.96256
-3.02789 -3.95613
-3.40134 -3.94899
-3.77475 -3.94115
-4.1481 -3.93412
-3.72177 -3.92789
-3.29522 -3.92247
-2.86844 -3.91634
-3.24191 -3.90951
-3.61534 -3.90197
-3.98872 -3.89373
-4.36205 -3.88629
-3.93483 -3.87966
-3.50739 -3.87384
-3.07972 -3.86731
-3.45317 -3.86008
-3.82657 -3.85214
-4.19992 -3.84501
-3.77187 -3.83869
-3.34359 -3.83319
-2.91509 -3.82697
-3.28855 -3.82005
-3.66198 -3.81242
-4.03535 -3.80561
-3.60646 -3.7996
-3.17735 -3.79441
-2.748 -3.78851
-3.12149 -3.7819
-3.49493 -3.77459
-3.86833 -3.76657
-4.24167 -3.75937
-3.81189 -3.75298
-3.38189 -3.7474
-2.95165 -3.74111
-3.32512 -3.73412
-3.69853 -3.72643
-4.0719 -3.71955
-3.64129 -3.71348
-3.21044 -3.70823
-2.77936 -3.70227
-3.15285 -3.6956
-3.52629 -3.68823
-3.89968 -3.68168
-3.46822 -3.67594
-3.03653 -3.67101
-2.60461 -3.66539
-2.97811 -3.65905
-3.35157 -3.65201
-3.72498 -3.64427
-4.09835 -3.63734
-3.66599 -3.63123
-3.23341 -3.62593
-2.8006 -3.61993
-3.17408 -3.61323
-3.54751 -3.60582
-3.92091 -3.59923
-3.48771 -3.59345
-3.05428 -3.5885
-2.62061 -3.58284
-2.99411 -3.57648
-3.36757 -3.56941
-3.74099 -3.56316
-3.30694 -3.55773
-2.87267 -3.55312
-2.43815 -3.54781
-2.81167 -3.54179
-3.18514 -3.53506
-3.55858 -3.52763
-3.93197 -3.52102
-3.49703 -3.51523
-3.06185 -3.51027
-2.62644 -3.5046
-2.99994 -3.49822
-3.3734 -3.49114
-3.74681 -3.48488
-3.31102 -3.47945
-2.87499 -3.47484
-2.43872 -3.46953
-2.81224 -3.4635
-3.18572 -3.45678
-3.55916 -3.44934
-3.93255 -3.44274
-3.49585 -3.43696
-3.05892 -3.432
-2.62176 -3.42634
-2.99526 -3.41997
-3.36872 -3.4129
-3.74213 -3.40665
-3.30458 -3.40124
-2.8668 -3.39665
-2.42878 -3.39135
-2.8023 -3.38535
-3.17578 -3.37864
-3.54922 -3.37276
-3.11081 -3.36771
-2.67217 -3.36225
-2.88829 -3.35609
-3.26176 -3.34922
-3.63519 -3.34318
-3.19613 -3.33796
-2.75683 -3.33359
-2.31729 -3.3285
-2.69082 -3.32271
-3.06431 -3.31621
-3.43777 -3.31054
-2.99785 -3.30571
-2.55769 -3.30017
-2.9312 -3.29392
-3.30467 -3.28697
-3.67809 -3.28085
-3.23755 -3.27557
-2.79678 -3.27112
-2.35575 -3.26596
-2.72928 -3.26009
-3.10277 -3.25352
-3.47622 -3.24779
-3.03482 -3.24289
-2.59318 -3.23882
-2.15129 -3.23405
-2.52484 -3.22857
-2.89835 -3.22239
-3.27182 -3.2155
-3.64525 -3.20944
-3.20293 -3.20423
-2.76038 -3.19985
-2.31759 -3.19476
-2.69112 -3.18897
-3.06461 -3.18247
-3.43807 -3.17681
-2.99489 -3.17199
-2.55147 -3.168
-2.10781 -3.16331
-2.48136 -3.15792
-2.85487 -3.15182
-3.22835 -3.14501
-3.60178 -3.13904
-3.15769 -3.13391
-2.71336 -3.12962
-2.26878 -3.12463
-2.64232 -3.11893
-3.01582 -3.11253
-3.38928 -3.10696
-2.94432 -3.10224
-2.49912 -3.09836
-2.05367 -3.09377
-2.42722 -3.08847
-2.80074 -3.08248
-3.17423 -3.07577
-3.54767 -3.06991
-3.10179 -3.06489
-2.65568 -3.06071
-2.20931 -3.05583
-2.58285 -3.05024
-2.95636 -3.04395
-3.32982 -3.0385
-2.88308 -3.0339
-2.43609 -3.03014
-1.98884 -3.02567
-2.3624 -3.0205
-2.73593 -3.01463
-3.10942 -3.00804
-3.48287 -3.00231
-3.0352 -2.99742
-2.58729 -2.99337
-2.13913 -2.98863
-2.51268 -2.98317
-2.88619 -2.97701
-3.25967 -2.9717
-2.81113 -2.96723
-2.36234 -2.96362
-1.9133 -2.95929
-2.28686 -2.95427
-2.6604 -2.94853
-3.0339 -2.94209
-3.40735 -2.9365
-2.95789 -2.93176
-2.50818 -2.92787
-2.05822 -2.92327
-2.43177 -2.91797
-2.80529 -2.91196
-3.17878 -2.90681
-2.72844 -2.9025
-2.27784 -2.89905
-1.82699 -2.89489
-2.20056 -2.89003
-2.57411 -2.88445
-2.94762 -2.87818
-3.32108 -2.87275
-2.86982 -2.86818
-2.4183 -2.86447
-1.96652 -2.86004
-2.34009 -2.85491
-2.71362 -2.84908
-3.08711 -2.8441
-2.63496 -2.83997
-2.18256 -2.83671
-1.72989 -2.83273
-2.10347 -2.82805
-2.47702 -2.82266
-2.85054 -2.81657
-3.22402 -2.81133
-2.77094 -2.80695
-2.31761 -2.80343
-1.86402 -2.7992
-2.23759 -2.79426
-2.61113 -2.78862
-2.98464 -2.78384
-2.53067 -2.77991
-2.07645 -2.77685
-1.62196 -2.77308
-1.99555 -2.7686
-2.36911 -2.76342
-2.74264 -2.75753
-3.11613 -2.7525
-2.66123 -2.74833
-2.20608 -2.74502
-1.75066 -2.741
-2.12424 -2.73628
-2.49779 -2.73086
-2.87131 -2.72629
-2.41552 -2.72259
-1.95947 -2.71818
-2.33303 -2.71306
-2.70657 -2.70724
-3.08006 -2.70228
-2.62364 -2.69819
-2.16695 -2.69496
-1.71001 -2.69102
-2.08359 -2.68637
-2.45714 -2.68102
-2.83066 -2.67654
-2.37334 -2.67292
-1.91576 -2.66859
-2.28933 -2.66356
-2.66287 -2.65782
-3.03637 -2.65295
-2.57841 -2.64894
-2.12019 -2.6458
-1.6617 -2.64195
-2.03529 -2.6374
-2.40885 -2.63214
-2.78237 -2.62775
-2.32352 -2.62422
-1.8644 -2.61999
-2.23797 -2.61506
-2.61151 -2.60942
-2.98502 -2.60464
-2.52552 -2.60074
-2.06576 -2.5977
-1.60573 -2.59396
-1.97932 -2.58952
-2.35289 -2.58436
-2.72642 -2.58008
-2.26602 -2.57667
-1.80536 -2.57255
-2.17893 -2.56773
-2.55248 -2.5622
-2.92599 -2.55754
-2.46495 -2.55375
-2.00365 -2.55084
-1.54207 -2.54722
-1.91567 -2.54289
-2.28924 -2.53786
-2.66278 -2.5337
-2.20083 -2.53041
-1.73862 -2.52642
-2.1122 -2.52172
-2.48575 -2.51632
-2.85927 -2.51179
-2.39668 -2.50813
-1.93383 -2.50535
-1.4707 -2.50187
-1.8443 -2.49767
-2.21788 -2.49278
-2.59142 -2.48717
-2.96493 -2.48245
-2.50139 -2.47859
-2.03759 -2.47562
-1.57352 -2.47194
-1.94711 -2.46755
-2.32068 -2.46246
-2.69421 -2.45825
-2.22977 -2.45491
-1.76505 -2.45246
-1.30006 -2.44929
-1.67367 -2.44542
-2.04726 -2.44085
-2.42082 -2.43557
-2.79434 -2.43116
-2.32895 -2.42764
-1.86328 -2.425
-1.39734 -2.42165
-1.77095 -2.4176
-2.14453 -2.41284
-2.51808 -2.40738
-2.89159 -2.40279
-2.42524 -2.39909
-1.95863 -2.39627
-1.49174 -2.39275
-1.86533 -2.38852
-2.23891 -2.38358
-2.61245 -2.37952
-2.14519 -2.37635
-1.67765 -2.37407
-1.20983 -2.37107
-1.58345 -2.36737
-1.95704 -2.36297
-2.33061 -2.35786
-2.70414 -2.35363
-2.23592 -2.35029
-1.76743 -2.34784
-1.29866 -2.34468
-1.67227 -2.34081
-2.04585 -2.33624
-2.41941 -2.33096
-2.79294 -2.32657
-2.32376 -2.32306
-1.85431 -2.32045
-1.38458 -2.31712
-1.75819 -2.31309
-2.13177 -2.30836
-2.50532 -2.30451
-2.03522 -2.30155
-1.56485 -2.29789
-1.93844 -2.29352
-2.31201 -2.28845
-2.68555 -2.28426
-2.21479 -2.28096
-1.74377 -2.27856
-1.27246 -2.27545
-1.64607 -2.27163
-2.01966 -2.26711
-2.39322 -2.26348
-1.92154 -2.26074
-1.44958 -2.25729
-1.82319 -2.25314
-2.19676 -2.24828
-2.57031 -2.24432
-2.09798 -2.24124
-1.62537 -2.23907
-1.15247 -2.23618
-1.52609 -2.23259
-1.89969 -2.22829
-2.27326 -2.22329
-2.6468 -2.21918
-2.1735 -2.21597
-1.69992 -2.21365
-1.22606 -2.21063
-1.59968 -2.2069
-1.97327 -2.20247
-2.34684 -2.19893
-1.87261 -2.19628
-1.39809 -2.19294
-1.7717 -2.18888
-2.14528 -2.18412
-2.51883 -2.18026
-2.04394 -2.17729
-1.56877 -2.17523
-1.09332 -2.17245
-1.46694 -2.16897
-1.84054 -2.16479
-2.21412 -2.1599
-2.58767 -2.15591
-2.11181 -2.15282
-1.63567 -2.15063
-1.15924 -2.14773
-1.53286 -2.14413
-1.90646 -2.13982
-2.28003 -2.13641
-1.80323 -2.1339
-1.32615 -2.13069
-1.69976 -2.12677
-2.07335 -2.12215
-2.44691 -2.11842
-1.96945 -2.1156
-1.49171 -2.11369
-1.01368 -2.11107
-1.3873 -2.10774
-1.76091 -2.1037
-2.1345 -2.09896
-2.50805 -2.09513
-2.02961 -2.0922
-1.5509 -2.09017
-1.07189 -2.08744
-1.44552 -2.084
-1.81912 -2.07986
-2.1927 -2.07501
-2.56625 -2.07106
-2.08684 -2.06802
-1.60714 -2.06589
-1.12716 -2.06306
-1.50078 -2.05951
-1.87438 -2.05527
-2.24796 -2.05193
-1.7676 -2.04949
-1.28696 -2.04635
-1.66057 -2.04251
-2.03416 -2.03796
-2.40773 -2.03432
-1.9267 -2.03159
-1.4454 -2.02976
-0.963796 -2.02724
-1.33742 -2.024
-1.71104 -2.02006
-2.08462 -2.01542
-2.45818 -2.01168
-1.97618 -2.00886
-1.49389 -2.00695
-1.0113 -2.00433
-1.38493 -2.00101
-1.75854 -1.99698
-2.13212 -1.99386
-1.64917 -1.99166
-1.16592 -1.98875
-1.53954 -1.98513
-1.91314 -1.98081
-2.28671 -1.9774
-1.80309 -1.97491
-1.31918 -1.97333
-0.834966 -1.97105
-1.2086 -1.96805
-1.58222 -1.96436
-1.95581 -1.95996
-2.32938 -1.95647
-1.84477 -1.9539
-1.35987 -1.95225
-0.874673 -1.94989
-1.24831 -1.94682
-1.62192 -1.94305
-1.99552 -1.93857
-2.36908 -1.93501
-1.88348 -1.93237
-1.39759 -1.93065
-0.911401 -1.92822
-1.28503 -1.92508
-1.65865 -1.92124
-2.03224 -1.9167
-2.4058 -1.91307
-1.91921 -1.91036
-1.43232 -1.90858
-0.945145 -1.90608
-1.31878 -1.90288
-1.69239 -1.89898
-2.06598 -1.896
-1.57842 -1.89394
-1.09057 -1.89117
-1.4642 -1.8877
-1.8378 -1.88352
-2.21138 -1.88026
-1.72315 -1.87793
-1.23463 -1.87652
-0.745804 -1.8744
-1.11944 -1.87158
-1.49306 -1.86805
-1.86667 -1.86382
-2.24025 -1.86051
-1.75102 -1.85812
-1.2615 -1.85666
-0.771676 -1.8545
-1.14531 -1.85163
-1.51893 -1.84805
-1.89254 -1.84377
-2.26611 -1.84041
-1.77589 -1.83798
-1.28537 -1.83648
-0.794544 -1.83427
-1.16818 -1.83136
-1.5418 -1.82774
-1.9154 -1.82341
-2.28898 -1.82002
-1.79775 -1.81755
-1.30623 -1.81601
-0.814403 -1.81376
-1.18804 -1.81081
-1.56166 -1.80715
-1.93526 -1.80443
-1.44306 -1.80263
-0.950559 -1.80013
-1.32419 -1.79692
-1.6978 -1.793
-2.07139 -1.79002
-1.57851 -1.78797
-1.08534 -1.78685
-0.59185 -1.78502
-0.965492 -1.78249
-1.33912 -1.77926
-1.71274 -1.77531
-2.08633 -1.7723
-1.59244 -1.77023
-1.09825 -1.76909
-0.603759 -1.76724
-0.977402 -1.76469
-1.35103 -1.76143
-1.72464 -1.75746
-2.09823 -1.75443
-1.60334 -1.75234
-1.10814 -1.75118
-0.612639 -1.74931
-0.986282 -1.74674
-1.35991 -1.74347
-1.73352 -1.73948
-2.10711 -1.73644
-1.61121 -1.73433
-1.115 -1.73316
-0.618483 -1.73129
-0.992126 -1.72871
-1.36576 -1.72542
-1.73937 -1.72143
-2.11296 -1.71837
-1.61604 -1.71626
-1.11882 -1.71508
-0.621286 -1.7132
-0.994928 -1.71062
-1.36856 -1.70732
-1.74217 -1.70332
-2.11576 -1.70027
-1.61782 -1.69815
-1.11959 -1.69698
-0.62104 -1.6951
-0.994683 -1.69251
-1.36831 -1.68922
-1.74193 -1.68522
-2.11551 -1.68217
-1.61656 -1.68005
-1.11731 -1.67889
-0.617742 -1.67701
-0.991385 -1.67443
-1.36502 -1.67115
-1.73863 -1.66715
-2.11222 -1.66411
-1.61224 -1.66201
-1.11197 -1.66085
-0.611384 -1.65899
-0.985028 -1.65642
-1.35866 -1.65315
-1.73227 -1.64917
-2.10586 -1.64613
-1.60487 -1.64405
-1.10357 -1.64291
-0.601961 -1.64107
-0.975605 -1.63852
-1.34924 -1.63526
-1.72285 -1.6313
-2.09644 -1.62828
-1.59442 -1.62622
-1.0921 -1.62511
-0.589466 -1.62329
-0.963111 -1.62076
-1.33674 -1.61753
-1.71036 -1.61359
-2.08395 -1.6106
-1.58091 -1.60856
-1.07756 -1.60748
-0.573894 -1.60569
-0.947539 -1.60319
-1.32117 -1.59999
-1.69479 -1.59608
-2.06838 -1.59312
-1.56431 -1.59112
-1.05993 -1.59007
-0.555239 -1.58831
-0.928884 -1.58585
-1.30252 -1.58268
-1.67614 -1.57881
-2.04973 -1.57589
-1.54463 -1.57393
-1.03922 -1.57292
-0.533493 -1.5712
-0.90714 -1.56878
-1.28077 -1.56566
-1.65439 -1.56182
-2.02799 -1.55895
-1.52185 -1.55703
-1.01541 -1.55607
-0.508652 -1.5544
-0.882299 -1.55203
-1.25594 -1.54895
-1.62956 -1.54516
-2.00315 -1.54233
-1.49598 -1.54046
-0.988506 -1.53956
-0.480709 -1.53794
-0.854357 -1.53562
-1.22799 -1.53259
-1.60162 -1.52886
-1.97521 -1.52609
-1.46701 -1.52428
-0.958494 -1.52343
-0.449656 -1.52187
-0.823305 -1.51961
-1.19694 -1.51664
-1.57057 -1.51296
-1.94417 -1.51025
-1.43492 -1.5085
-0.925368 -1.50772
-0.415489 -1.50623
-0.789138 -1.50403
-1.16278 -1.50112
-1.5364 -1.49752
-1.91001 -1.49487
-1.39972 -1.49319
-0.889123 -1.49247
-0.378199 -1.49105
-0.75185 -1.48893
-1.12549 -1.48609
-1.49912 -1.48255
-1.87272 -1.47998
-1.36139 -1.47837
-0.849751 -1.47774
-0.337781 -1.47639
-0.711432 -1.47434
-1.08508 -1.47158
-1.4587 -1.46812
-1.83231 -1.46563
-1.31994 -1.4641
-0.807247 -1.46354
-0.294228 -1.46228
-0.66788 -1.46031
-1.04152 -1.45764
-1.41515 -1.45426
-1.78877 -1.45185
-1.27534 -1.45041
-0.761602 -1.44994
-0.247532 -1.44877
-0.621184 -1.44689
-0.99483 -1.4443
-1.36846 -1.44101
-1.74208 -1.43869
-1.2276 -1.43734
-0.71281 -1.43697
-0.197686 -1.43589
-0.571339 -1.4341
-0.944986 -1.43161
-1.31862 -1.42841
-1.69224 -1.42619
-1.17671 -1.42494
-0.660864 -1.42466
-0.144683 -1.42368
-0.518336 -1.422
-0.891985 -1.41961
-1.26562 -1.41651
-1.63924 -1.41439
-1.12266 -1.41324
-0.605755 -1.41139
-0.979402 -1.40883
-1.35304 -1.40557
-1.72665 -1.40328
-1.20936 -1.40198
-0.691738 -1.40165
-0.173787 -1.40061
-0.547441 -1.39887
-0.921089 -1.39642
-1.29473 -1.39327
-1.66834 -1.3911
-1.14999 -1.38991
-0.631311 -1.38969
-0.112297 -1.38877
-0.485951 -1.38715
-0.859601 -1.38482
-1.23324 -1.38178
-1.60686 -1.37973
-1.08745 -1.37865
-0.567704 -1.37687
-0.941352 -1.37439
-1.31499 -1.3712
-1.68861 -1.36899
-1.16847 -1.36776
-0.648014 -1.36752
-0.127219 -1.36658
-0.500873 -1.36492
-0.874522 -1.36257
-1.24816 -1.3595
-1.62178 -1.35742
-1.10058 -1.35633
-0.579058 -1.35622
-0.057193 -1.3554
-0.430848 -1.35388
-0.804499 -1.35166
-1.17814 -1.34872
-1.55177 -1.34678
-1.0295 -1.34582
-0.506902 -1.34416
-0.880552 -1.34179
-1.25419 -1.33871
-1.62781 -1.33662
-1.10482 -1.33552
-0.581507 -1.33541
-0.0578503 -1.3346
-0.431505 -1.33307
-0.805156 -1.33085
-1.1788 -1.32791
-1.55242 -1.32597
-1.02836 -1.32502
-0.503972 -1.32336
-0.877622 -1.32099
-1.25126 -1.31792
-1.62488 -1.31584
-1.1001 -1.31476
-0.574985 -1.31466
-0.049529 -1.31386
-0.423184 -1.31236
-0.796836 -1.31014
-1.17048 -1.30723
-1.5441 -1.3053
-1.01824 -1.30437
-0.492051 -1.30274
-0.865702 -1.30039
-1.23934 -1.29734
-1.61296 -1.29529
-1.08638 -1.29423
-0.559459 -1.29417
-0.0321973 -1.29341
-0.405853 -1.29193
-0.779505 -1.28975
-1.15315 -1.28687
-1.52677 -1.28498
-0.999108 -1.28409
-0.471107 -1.28249
-0.844758 -1.28019
-1.2184 -1.27718
-1.59202 -1.27517
-1.06363 -1.27416
-0.534897 -1.27415
-0.00582285 -1.27343
-0.379479 -1.27201
-0.753131 -1.26988
-1.12678 -1.26704
-1.5004 -1.26521
-0.970924 -1.26437
-0.441108 -1.26283
-0.814759 -1.26059
-1.1884 -1.25764
-1.56203 -1.25569
-1.03181 -1.25474
-0.501268 -1.25479
0.029627 -1.25414
-0.344029 -1.25279
-0.717683 -1.25072
-1.09133 -1.24796
-1.46496 -1.24619
-0.933658 -1.24543
-0.40202 -1.24397
-0.775672 -1.24179
-1.14932 -1.23892
-1.52294 -1.23704
-0.990908 -1.23618
-0.458536 -1.23632
0.0741856 -1.23575
-0.299471 -1.23448
-0.673125 -1.2325
-1.04677 -1.22981
-1.4204 -1.22814
-0.887277 -1.22747
-0.35381 -1.22609
-0.727463 -1.22401
-1.10111 -1.22123
-1.47474 -1.21945
-0.940874 -1.21868
-0.40667 -1.2172
-0.780323 -1.21502
-1.15397 -1.21214
-1.52759 -1.21026
-0.992991 -1.20939
-0.458048 -1.20954
0.0772454 -1.20898
-0.296411 -1.20771
-0.670066 -1.20574
-1.04371 -1.20306
-1.41735 -1.2014
-0.881645 -1.20074
-0.345601 -1.19938
-0.719255 -1.19732
-1.0929 -1.19455
-1.46653 -1.19279
-0.930089 -1.19204
-0.393305 -1.19059
-0.766959 -1.18844
-1.1406 -1.18558
-1.51423 -1.18373
-0.977047 -1.1829
-0.439521 -1.18309
0.0983592 -1.18257
-0.275298 -1.18134
-0.648953 -1.17941
-1.0226 -1.17677
-1.39624 -1.17515
-0.857946 -1.17454
-0.319313 -1.17323
-0.692968 -1.17122
-1.06661 -1.16849
-1.44025 -1.16679
-0.901213 -1.16611
-0.361835 -1.16472
-0.735489 -1.16262
-1.10913 -1.15982
-1.48276 -1.15804
-0.942985 -1.15727
-0.402861 -1.15753
0.13762 -1.15709
-0.236038 -1.15594
-0.609694 -1.15408
-0.983343 -1.15151
-1.35698 -1.14997
-0.816089 -1.14945
-0.274852 -1.14823
-0.648508 -1.14629
-1.02216 -1.14366
-1.39579 -1.14204
-0.854151 -1.14145
-0.312165 -1.14016
-0.685821 -1.13815
-1.05947 -1.13544
-1.4331 -1.13376
-0.890712 -1.1331
-0.347976 -1.13347
0.19512 -1.13313
-0.178538 -1.13209
-0.552195 -1.13034
-0.925846 -1.12788
-1.29948 -1.12646
-0.755979 -1.12606
-0.212123 -1.12495
-0.58578 -1.12313
-0.95943 -1.12062
-1.33307 -1.11912
-0.78881 -1.11866
-0.244201 -1.1175
-0.617857 -1.11562
-0.991506 -1.11304
-1.36514 -1.11149
-0.820131 -1.11097
-0.274768 -1.10975
-0.648424 -1.10781
-1.02207 -1.10518
-1.39571 -1.10357
-0.849941 -1.103
-0.303823 -1.10345
0.242658 -1.10321
-0.131001 -1.10225
-0.504658 -1.10059
-0.878311 -1.09823
-1.25195 -1.09689
-0.70506 -1.0966
-0.157815 -1.09559
-0.531472 -1.09388
-0.905124 -1.09146
-1.27876 -1.09008
-0.731114 -1.08974
-0.183111 -1.08868
-0.556768 -1.08693
-0.930419 -1.08446
-1.30406 -1.08303
-0.75565 -1.08264
-0.206887 -1.08154
-0.580544 -1.07974
-0.954195 -1.07723
-1.32783 -1.07576
-0.778664 -1.07533
-0.229141 -1.07419
-0.602798 -1.07234
-0.976448 -1.06979
-1.35009 -1.06828
-0.800155 -1.06781
-0.24987 -1.06663
-0.623527 -1.06474
-0.997177 -1.06215
-1.37081 -1.0606
-0.820121 -1.06009
-0.269073 -1.06063
0.282343 -1.06045
-0.0913172 -1.05958
-0.464975 -1.05799
-0.838629 -1.0557
-1.21227 -1.05445
-0.660443 -1.05425
-0.108256 -1.05334
-0.481914 -1.05172
-0.855567 -1.0494
-1.22921 -1.04812
-0.676615 -1.04788
-0.123662 -1.04694
-0.49732 -1.0453
-0.870973 -1.04294
-1.24461 -1.04164
-0.691254 -1.04138
-0.137534 -1.04041
-0.511192 -1.03874
-0.884844 -1.03636
-1.25849 -1.03503
-0.704357 -1.03475
-0.149869 -1.03376
-0.523527 -1.03206
-0.897179 -1.02966
-1.27082 -1.02831
-0.715923 -1.028
-0.160664 -1.02699
-0.534323 -1.02528
-0.907975 -1.02285
-1.28162 -1.02148
-0.725948 -1.02116
-0.169919 -1.02013
-0.543577 -1.0184
-0.917229 -1.01596
-1.29087 -1.01457
-0.73443 -1.01424
-0.17763 -1.01319
-0.551288 -1.01145
-0.92494 -1.00899
-1.29858 -1.00759
-0.741368 -1.00724
-0.183794 -1.00619
-0.557452 -1.00443
-0.931104 -1.00196
-1.30474 -1.00055
-0.746758 -1.0002
-0.18841 -1.0009
0.370314 -1.00089
-0.00334841 -1.00018
-0.377007 -0.998759
-0.750663 -0.996634
-1.12431 -0.995566
-0.565171 -0.995555
-0.00566447 -0.994838
-0.379324 -0.993415
-0.752979 -0.991286
-1.12663 -0.990215
-0.56671 -0.990203
-0.00642628 -0.989484
-0.380085 -0.98806
-0.753741 -0.985929
-1.12739 -0.984858
-0.566694 -0.984847
-0.00563145 -0.984131
-0.379291 -0.982707
-0.752947 -0.980578
-1.12659 -0.97951
-0.56512 -0.979504
-0.00327758 -0.978792
-0.376937 -0.977373
-0.750593 -0.975248
-1.12424 -0.974186
-0.561986 -0.974187
0.000637737 -0.973482
-0.373022 -0.972071
-0.746678 -0.969954
-1.12032 -0.9689
-0.557289 -0.968912
0.00611693 -0.968217
-0.367542 -0.966816
-0.741199 -0.964709
-1.11485 -0.963668
-0.551027 -0.963693
0.0131624 -0.963011
-0.360497 -0.961624
-0.734154 -0.95953
-1.1078 -0.958503
-0.543198 -0.958545
0.0217766 -0.957879
-0.351883 -0.956508
-0.72554 -0.954431
-1.09919 -0.953422
-0.533799 -0.953482
0.031962 -0.952836
-0.341698 -0.951484
-0.715354 -0.949426
-1.089 -0.948438
-0.522828 -0.948521
0.0437211 -0.947897
-0.329939 -0.946567
-0.703596 -0.944531
-1.07724 -0.943567
-0.510281 -0.943675
0.0570563 -0.943076
-0.316603 -0.941772
-0.690261 -0.939761
-1.06391 -0.938823
-0.496158 -0.938959
0.0719701 -0.938389
-0.30169 -0.937113
-0.675347 -0.93513
-1.049 -0.932441
-1.42263 -0.930827
-0.854069 -0.930288
-0.285138 -0.930825
0.284174 -0.930656
-0.0894877 -0.929781
-0.463147 -0.928199
-0.836802 -0.925911
-1.21045 -0.924701
-0.640706 -0.924567
-0.0705928 -0.923727
-0.444253 -0.922182
-0.817908 -0.91993
-1.19155 -0.918756
-0.621019 -0.918661
-0.0501112 -0.91786
-0.423771 -0.916353
-0.797427 -0.91414
-1.17107 -0.913006
-0.599744 -0.912953
-0.0280403 -0.912194
-0.4017 -0.910729
-0.775357 -0.908557
-1.149 -0.907467
-0.576879 -0.907458
-0.00437757 -0.906744
-0.378038 -0.905323
-0.751695 -0.903196
-1.12534 -0.902152
-0.55242 -0.902192
0.0208797 -0.901525
-0.35278 -0.900152
-0.726438 -0.898073
-1.10009 -0.897078
-0.526366 -0.897168
0.0477341 -0.896552
-0.325926 -0.89523
-0.699584 -0.893202
-1.07323 -0.892259
-0.498713 -0.892403
0.0761882 -0.891841
-0.297472 -0.890572
-0.67113 -0.888598
-1.04478 -0.88771
-0.469459 -0.887911
0.106245 -0.887406
-0.267416 -0.886194
-0.641075 -0.884276
-1.01473 -0.883447
-0.438601 -0.883708
0.137906 -0.883263
-0.235755 -0.882111
-0.609414 -0.880253
-0.983066 -0.877689
-1.3567 -0.876215
-0.779756 -0.875832
-0.202433 -0.876541
0.375281 -0.876545
0.00161687 -0.875841
-0.372044 -0.874432
-0.745701 -0.872316
-1.11935 -0.871294
-0.541204 -0.871364
0.0373239 -0.870728
-0.336337 -0.869387
-0.709995 -0.867338
-1.08364 -0.866385
-0.504692 -0.866526
0.0746444 -0.865961
-0.299016 -0.864689
-0.672675 -0.862712
-1.04633 -0.86183
-0.466565 -0.862044
0.113581 -0.861553
-0.26008 -0.860355
-0.633739 -0.858451
-1.00739 -0.857645
-0.42682 -0.857936
0.154137 -0.857521
-0.219524 -0.8564
-0.593183 -0.854572
-0.966836 -0.852039
-1.34048 -0.850604
-0.759075 -0.850269
-0.177295 -0.851034
0.40488 -0.851093
0.0312156 -0.850446
-0.342445 -0.849093
-0.716103 -0.847033
-1.08975 -0.846075
-0.507143 -0.846218
0.0758522 -0.845655
-0.297809 -0.844386
-0.671467 -0.842411
-1.04512 -0.841538
-0.461695 -0.841769
0.122117 -0.841294
-0.251544 -0.840112
-0.625204 -0.838224
-0.998856 -0.837441
-0.414617 -0.837762
0.170012 -0.837377
-0.203649 -0.836286
-0.577309 -0.834489
-0.950963 -0.831985
-1.3246 -0.830587
-0.739528 -0.830296
-0.15407 -0.831112
0.431786 -0.831222
0.0581207 -0.830626
-0.31554 -0.829323
-0.689199 -0.827314
-1.06285 -0.826414
-0.476557 -0.826622
0.110126 -0.826124
-0.263536 -0.824919
-0.637195 -0.823009
-1.01085 -0.822208
-0.423734 -0.822518
0.163771 -0.822121
-0.209891 -0.821018
-0.583551 -0.819209
-0.957204 -0.818511
-0.36927 -0.818925
0.219059 -0.818633
-0.154604 -0.817634
-0.528264 -0.81593
-0.901919 -0.813519
-1.27556 -0.812221
-0.686786 -0.812036
-0.0976228 -0.812966
0.491943 -0.81319
0.118276 -0.812707
-0.255385 -0.811518
-0.629045 -0.809623
-1.0027 -0.808843
-0.412695 -0.809179
0.177703 -0.808808
-0.195959 -0.807732
-0.569619 -0.805949
-0.943273 -0.805283
-0.352444 -0.805734
0.238783 -0.805479
-0.13488 -0.804518
-0.508541 -0.802851
-0.882196 -0.800477
-1.25584 -0.799222
-0.664164 -0.799086
-0.0720993 -0.800069
0.520372 -0.800347
0.146704 -0.799918
-0.226958 -0.798782
-0.600618 -0.796941
-0.974271 -0.79622
-0.381362 -0.796621
0.211946 -0.796315
-0.161716 -0.795303
-0.535377 -0.793585
-0.909032 -0.791161
-1.28267 -0.789859
-0.688915 -0.78968
-0.0947649 -0.790624
0.499792 -0.790863
0.126125 -0.790395
-0.247537 -0.789221
-0.621197 -0.787341
-0.994849 -0.786585
-0.399851 -0.786955
0.195546 -0.786618
-0.178116 -0.785575
-0.551777 -0.783826
-0.925431 -0.783203
-0.329598 -0.783707
0.266636 -0.783505
-0.107027 -0.782596
-0.480688 -0.780982
-0.854344 -0.778661
-1.22799 -0.777467
-0.631302 -0.777403
-0.0342207 -0.778467
0.563272 -0.778826
0.189603 -0.778478
-0.184059 -0.777424
-0.55772 -0.775663
-0.931375 -0.775033
-0.333441 -0.775534
0.264896 -0.775328
-0.108767 -0.774417
-0.482428 -0.772799
-0.856085 -0.770474
-1.22973 -0.769282
-0.630938 -0.769222
-0.0317506 -0.770295
0.56785 -0.770662
0.194181 -0.770323
-0.179482 -0.769277
-0.553143 -0.767526
-0.926797 -0.766908
-0.326754 -0.767426
0.273694 -0.767237
-0.099969 -0.766341
-0.473631 -0.76474
-0.847287 -0.762432
-1.22093 -0.761261
-0.620028 -0.761225
-0.0187258 -0.762327
0.582992 -0.762723
0.209322 -0.762412
-0.164341 -0.761395
-0.538002 -0.759672
-0.911657 -0.759087
-0.309496 -0.759641
0.293073 -0.759489
-0.0805903 -0.75863
-0.454252 -0.757066
-0.827909 -0.754795
-1.20155 -0.753663
-0.598529 -0.753673
0.00489679 -0.754823
0.608741 -0.755268
0.23507 -0.755006
-0.138593 -0.754037
-0.512255 -0.752363
-0.88591 -0.751831
-0.281622 -0.752441
0.323077 -0.752346
-0.0505876 -0.751544
-0.424249 -0.750036
-0.797907 -0.747822
-1.17155 -0.746751
-0.566398 -0.746825
0.0391605 -0.748044
0.64514 -0.748558
0.271468 -0.748364
-0.102196 -0.747465
-0.475857 -0.745859
-0.849514 -0.743548
-1.22316 -0.742382
-0.616717 -0.742363
-0.00987174 -0.743493
0.597393 -0.743915
0.223723 -0.743632
-0.14994 -0.742642
-0.523602 -0.740947
-0.897257 -0.740399
-0.289544 -0.741001
0.318582 -0.740897
-0.0550823 -0.740087
-0.428744 -0.73857
-0.802402 -0.736348
-1.17605 -0.735275
-0.567462 -0.735354
0.0415298 -0.736584
0.650945 -0.737108
0.277273 -0.736926
-0.0963905 -0.736037
-0.470052 -0.734443
-0.843709 -0.732142
-1.21735 -0.730994
-0.607473 -0.730999
0.00281383 -0.732159
0.613524 -0.732612
0.239853 -0.732359
-0.13381 -0.7314
-0.507472 -0.729735
-0.881128 -0.729225
-0.269967 -0.72987
0.34161 -0.72981
-0.0320545 -0.729043
-0.405717 -0.72757
-0.779375 -0.725391
-1.15302 -0.724368
-0.540983 -0.724503
0.071466 -0.725797
0.684342 -0.726384
0.310669 -0.726265
-0.0629956 -0.725439
-0.436658 -0.723908
-0.810315 -0.72167
-1.18396 -0.720592
-0.570619 -0.720673
0.0431337 -0.721916
0.657314 -0.722452
0.283641 -0.722282
-0.0900227 -0.721405
-0.463685 -0.719823
-0.837342 -0.719007
-0.431628 -0.719353
0.183335 -0.718994
-0.190328 -0.717928
-0.563989 -0.716156
-0.937644 -0.715547
-0.322228 -0.716101
0.293606 -0.71595
-0.0800579 -0.715093
-0.45372 -0.713529
-0.827378 -0.711259
-1.20102 -0.710154
-0.584721 -0.710214
0.0319929 -0.711441
0.649137 -0.711962
0.275464 -0.711776
-0.0981999 -0.710884
-0.471862 -0.709286
-0.845519 -0.708856
-0.227921 -0.709593
0.390101 -0.709624
0.0164348 -0.708949
-0.357228 -0.707567
-0.730887 -0.70548
-1.10454 -0.704561
-0.486049 -0.704812
0.132855 -0.706234
0.752192 -0.706949
0.378516 -0.706958
0.00485041 -0.706261
-0.368812 -0.704858
-0.742471 -0.702749
-1.11612 -0.701811
-0.496313 -0.702045
0.123911 -0.703452
0.744569 -0.704153
0.370894 -0.704148
-0.0027722 -0.703436
-0.376435 -0.702019
-0.750094 -0.699895
-1.12374 -0.698945
-0.502613 -0.69917
0.118935 -0.70057
0.740918 -0.701264
0.367242 -0.701252
-0.00642326 -0.700534
-0.380086 -0.699109
-0.753745 -0.696978
-1.12739 -0.696024
-0.504938 -0.696247
0.117937 -0.697648
0.741248 -0.698342
0.367573 -0.698331
-0.00609291 -0.697613
-0.379755 -0.696189
-0.753415 -0.694059
-1.12706 -0.693108
-0.503278 -0.693336
0.120927 -0.694746
0.74557 -0.695448
0.371895 -0.695445
-0.0017713 -0.694736
-0.375434 -0.69332
-0.749093 -0.691198
-1.12274 -0.690257
-0.497624 -0.690499
0.127915 -0.691924
0.753894 -0.692642
0.380218 -0.692655
0.0065515 -0.691961
-0.367111 -0.690561
-0.74077 -0.688455
-1.11442 -0.687532
-0.487966 -0.687795
0.138911 -0.689243
0.766228 -0.689985
0.392552 -0.690021
0.0188854 -0.68935
-0.354777 -0.687973
-0.728437 -0.685891
-1.10209 -0.684994
-0.474293 -0.685285
0.153925 -0.686764
0.782584 -0.687537
0.408907 -0.687604
0.0352405 -0.686964
-0.338422 -0.685618
-0.712082 -0.683566
-1.08573 -0.682703
-0.456596 -0.68303
0.172966 -0.684548
0.802972 -0.685359
0.429294 -0.685464
0.0556268 -0.684863
-0.318036 -0.683556
-0.691696 -0.681542
-1.06535 -0.68072
-0.434865 -0.681091
0.196046 -0.682655
0.827401 -0.683512
0.453722 -0.683664
0.0800543 -0.683109
-0.293609 -0.681847
-0.667269 -0.67988
-1.04092 -0.679107
-0.409089 -0.679529
0.223173 -0.679244
-0.150491 -0.678254
-0.524153 -0.676557
-0.897809 -0.676056
-0.26508 -0.676751
0.368083 -0.676741
-0.00558319 -0.676024
-0.379246 -0.674601
-0.752905 -0.672472
-1.12655 -0.67154
-0.49291 -0.671807
0.141162 -0.673273
0.775681 -0.674033
0.402004 -0.674087
0.0283369 -0.673434
-0.345326 -0.672075
-0.718986 -0.67001
-1.09264 -0.669145
-0.457635 -0.669481
0.177798 -0.671019
0.813678 -0.67185
0.44 -0.671976
0.0663321 -0.671395
-0.307331 -0.670108
-0.680991 -0.668115
-1.05464 -0.667324
-0.41828 -0.667737
0.218515 -0.669354
0.855761 -0.670266
0.482081 -0.67047
0.108412 -0.669969
-0.265251 -0.668762
-0.638912 -0.666848
-1.01256 -0.666139
-0.374837 -0.666637
0.263326 -0.666429
-0.110339 -0.665514
-0.484001 -0.663893
-0.857659 -0.663479
-0.219025 -0.664273
0.42005 -0.66436
0.0463828 -0.663742
-0.32728 -0.662417
-0.700941 -0.660386
-1.07459 -0.659564
-0.435033 -0.659951
0.204961 -0.661549
0.845408 -0.662441
0.471728 -0.662626
0.0980595 -0.662105
-0.275604 -0.660878
-0.649265 -0.658945
-1.02292 -0.658223
-0.381986 -0.658713
0.259384 -0.658497
-0.114281 -0.657575
-0.487943 -0.655946
-0.861601 -0.655531
-0.219757 -0.65633
0.42253 -0.656422
0.0488628 -0.655808
-0.3248 -0.654488
-0.698461 -0.652462
-1.07211 -0.65165
-0.429338 -0.652054
0.213874 -0.653675
0.857542 -0.65459
0.483861 -0.654798
0.110192 -0.6543
-0.263471 -0.653096
-0.637132 -0.651185
-1.01079 -0.650493
-0.36663 -0.651018
0.277966 -0.650837
-0.0956989 -0.64995
-0.469362 -0.648357
-0.843019 -0.647982
-0.197947 -0.648828
0.447573 -0.648968
0.073905 -0.648402
-0.299758 -0.647129
-0.673419 -0.64515
-1.04707 -0.644392
-0.401063 -0.644856
0.245388 -0.646542
0.892297 -0.647522
0.518614 -0.647796
0.144944 -0.647364
-0.228719 -0.646225
-0.602381 -0.644381
-0.976035 -0.64376
-0.328637 -0.644363
0.319206 -0.64426
-0.0544596 -0.643451
-0.428123 -0.641935
-0.801781 -0.641645
-0.15346 -0.642581
0.495313 -0.642811
0.121644 -0.642335
-0.25202 -0.641153
-0.625681 -0.639264
-0.999335 -0.638602
-0.350072 -0.639168
0.299636 -0.639029
-0.074029 -0.638182
-0.447692 -0.63663
-0.82135 -0.636307
-0.171161 -0.637213
0.47948 -0.637413
0.105811 -0.636907
-0.267852 -0.635694
-0.641514 -0.633775
-1.01517 -0.633087
-0.364033 -0.633631
0.287547 -0.633468
-0.086118 -0.632599
-0.459781 -0.631024
-0.833439 -0.630681
-0.181376 -0.631572
0.471141 -0.631756
0.097472 -0.631234
-0.276192 -0.630006
-0.649853 -0.628071
-1.02351 -0.627371
-0.370495 -0.627906
0.282965 -0.627734
-0.0907007 -0.626857
-0.464364 -0.625273
-0.838022 -0.624925
-0.184078 -0.625814
0.470321 -0.625996
0.096652 -0.625473
-0.277012 -0.624243
-0.650673 -0.622307
-1.02433 -0.621609
-0.369431 -0.622149
0.285914 -0.623929
0.941726 -0.625003
0.568041 -0.62537
0.19437 -0.625031
-0.179295 -0.623986
-0.552957 -0.622235
-0.926613 -0.621724
-0.270305 -0.622454
0.386457 -0.622479
0.0127902 -0.621797
-0.360873 -0.620408
-0.734533 -0.618314
-1.10818 -0.617462
-0.450919 -0.617852
0.206794 -0.619487
0.864976 -0.620416
0.491294 -0.620638
0.117625 -0.620154
-0.256039 -0.618964
-0.629701 -0.617068
-1.00335 -0.616416
-0.344671 -0.617011
0.314465 -0.616899
-0.0592007 -0.616081
-0.432864 -0.614556
-0.806523 -0.614279
-0.146897 -0.615249
0.513189 -0.615512
0.139519 -0.61507
-0.234145 -0.613921
-0.607807 -0.612066
-0.981461 -0.61146
-0.320874 -0.612102
0.340168 -0.612039
-0.033498 -0.61127
-0.407162 -0.609794
-0.780821 -0.609568
-0.119288 -0.610594
0.542709 -0.610914
0.169038 -0.610527
-0.204626 -0.609434
-0.578289 -0.607635
-0.951944 -0.607088
-0.289447 -0.607794
0.373509 -0.607793
-0.000158255 -0.607087
-0.373822 -0.605674
-0.747482 -0.605515
-0.0840348 -0.606611
0.579879 -0.607001
0.206207 -0.606684
-0.167458 -0.605662
-0.541121 -0.603933
-0.914777 -0.60346
-0.250363 -0.604243
0.414513 -0.60432
0.0408455 -0.603691
-0.332818 -0.602356
-0.706479 -0.600314
-1.08013 -0.599531
-0.414746 -0.600005
0.251096 -0.601739
0.917414 -0.602767
0.54373 -0.603088
0.170059 -0.602703
-0.203606 -0.601612
-0.577268 -0.599815
-0.950924 -0.599278
-0.284099 -0.600002
0.383189 -0.60002
0.00952134 -0.599332
-0.364142 -0.597938
-0.737803 -0.597805
-0.0700203 -0.598936
0.598233 -0.59936
0.22456 -0.599079
-0.149105 -0.598091
-0.522768 -0.596396
-0.896425 -0.595966
-0.227667 -0.596801
0.441556 -0.596929
0.0678876 -0.596351
-0.305776 -0.595067
-0.679438 -0.593076
-1.05309 -0.592352
-0.383355 -0.592894
0.286842 -0.594704
0.95752 -0.595807
0.583833 -0.596204
0.210161 -0.595895
-0.163504 -0.59488
-0.537167 -0.593159
-0.910823 -0.592706
-0.239637 -0.593522
0.432018 -0.593633
0.0583499 -0.593037
-0.315314 -0.591734
-0.688975 -0.589726
-1.06263 -0.588988
-0.390458 -0.589521
0.282175 -0.591327
0.95529 -0.592426
0.581604 -0.592819
0.207932 -0.592506
-0.165733 -0.591486
-0.539396 -0.589761
-0.913053 -0.589308
-0.239426 -0.59013
0.434672 -0.590245
0.0610034 -0.589654
-0.312661 -0.588357
-0.686322 -0.586354
-1.05997 -0.585625
-0.38536 -0.586173
0.28972 -0.587997
0.965285 -0.589115
0.591598 -0.589527
0.217925 -0.589233
-0.15574 -0.588232
-0.529403 -0.586526
-0.90306 -0.586097
-0.226981 -0.586946
0.44957 -0.58709
0.0759009 -0.586527
-0.297763 -0.585258
-0.671425 -0.583283
-1.04508 -0.582587
-0.368008 -0.583172
0.30953 -0.585039
0.987556 -0.586199
0.613867 -0.586653
0.240194 -0.586401
-0.133471 -0.585442
-0.507135 -0.583777
-0.880792 -0.583395
-0.202251 -0.584296
0.476765 -0.584491
0.103096 -0.58398
-0.270568 -0.582762
-0.64423 -0.580838
-1.01788 -0.580199
-0.338348 -0.580845
0.34166 -0.582777
1.02216 -0.584002
0.648467 -0.584521
0.274792 -0.584335
-0.0988733 -0.583442
-0.472537 -0.581842
-0.846195 -0.58153
-0.165181 -0.582506
0.516312 -0.582775
0.142642 -0.582339
-0.231023 -0.581196
-0.604685 -0.579347
-0.97834 -0.578787
-0.296327 -0.579517
0.386162 -0.57954
0.0124945 -0.578858
-0.361169 -0.577469
-0.73483 -0.577371
-0.0518321 -0.578565
0.631651 -0.579052
0.257977 -0.578834
-0.115689 -0.577909
-0.489353 -0.576278
-0.86301 -0.575939
-0.17901 -0.576895
0.505471 -0.577144
0.1318 -0.576687
-0.241864 -0.575523
-0.615526 -0.573654
-0.989181 -0.573079
-0.304176 -0.5738
0.381306 -0.573814
0.00763878 -0.573122
-0.366025 -0.571724
-0.739686 -0.571623
-0.0536912 -0.572819
0.632791 -0.573308
0.259117 -0.573092
-0.114549 -0.572169
-0.488213 -0.57054
-0.861871 -0.57021
-0.174869 -0.571179
0.512617 -0.571441
0.138947 -0.570998
-0.234718 -0.569848
-0.60838 -0.567992
-0.982035 -0.567436
-0.294023 -0.568182
0.39447 -0.568221
0.0208022 -0.567554
-0.352862 -0.566181
-0.726523 -0.56611
-0.0375152 -0.567342
0.651983 -0.567868
0.278308 -0.567688
-0.0953579 -0.566802
-0.469022 -0.565209
-0.84268 -0.56492
-0.15266 -0.565937
0.537848 -0.566247
0.164177 -0.565851
-0.209488 -0.564749
-0.583151 -0.562941
-0.956806 -0.562438
-0.26577 -0.563243
0.42575 -0.563341
0.0520811 -0.562734
-0.321583 -0.56142
-0.695245 -0.561414
-0.00320742 -0.562716
0.689324 -0.563313
0.315648 -0.563203
-0.0580186 -0.562387
-0.431683 -0.560865
-0.805342 -0.560653
-0.112287 -0.561752
0.58126 -0.562144
0.207588 -0.56183
-0.166078 -0.56081
-0.539741 -0.559084
-0.913398 -0.558669
-0.219322 -0.559567
0.475243 -0.559759
0.101573 -0.559245
-0.272091 -0.558025
-0.645753 -0.556098
-1.01941 -0.555485
-0.324308 -0.556187
0.371278 -0.558204
1.06737 -0.559515
0.693674 -0.56012
0.319997 -0.560019
-0.0536697 -0.559211
-0.427334 -0.557697
-0.800993 -0.5575
-0.104373 -0.55862
0.592741 -0.559034
0.219068 -0.558742
-0.154597 -0.557743
-0.528261 -0.556039
-0.901918 -0.555653
-0.204271 -0.556586
0.493869 -0.556813
0.120198 -0.556334
-0.253466 -0.555149
-0.627129 -0.553258
-1.00078 -0.552687
-0.302107 -0.553437
0.39706 -0.55551
1.09673 -0.556876
0.723038 -0.557537
0.349361 -0.557491
-0.0243064 -0.556739
-0.397971 -0.55528
-0.771631 -0.555145
-0.0714237 -0.556335
0.629283 -0.556818
0.255608 -0.556594
-0.118057 -0.555665
-0.491721 -0.55403
-0.865379 -0.553719
-0.164139 -0.554735
0.537599 -0.555045
0.163927 -0.554649
-0.209737 -0.553546
-0.583401 -0.551737
-0.957056 -0.551256
-0.254779 -0.552103
0.447992 -0.552243
0.0743225 -0.551677
-0.299342 -0.550405
-0.673004 -0.550463
0.0302945 -0.55185
0.734099 -0.552531
0.360421 -0.552506
-0.0132469 -0.551775
-0.386911 -0.550337
-0.760572 -0.550231
-0.0562343 -0.551457
0.648607 -0.551977
0.274932 -0.55179
-0.0987346 -0.550897
-0.472399 -0.549298
-0.846057 -0.549032
-0.140679 -0.5501
0.565201 -0.550462
0.191529 -0.550118
-0.182136 -0.549068
-0.5558 -0.547311
-0.929456 -0.54689
-0.223034 -0.547804
0.483887 -0.548012
0.110217 -0.547514
-0.263448 -0.54631
-0.63711 -0.5444
-1.01076 -0.543827
-0.303297 -0.544592
0.404668 -0.546695
1.11315 -0.548093
0.739453 -0.548784
0.365774 -0.548769
-0.00789341 -0.548048
-0.381558 -0.546621
-0.755218 -0.546534
-0.0461961 -0.547787
0.663334 -0.548335
0.289659 -0.548176
-0.0840077 -0.547311
-0.457672 -0.54574
-0.831331 -0.545511
-0.121259 -0.546624
0.58932 -0.547032
0.215647 -0.546733
-0.158019 -0.545728
-0.531683 -0.544017
-0.90534 -0.54365
-0.194216 -0.544628
0.517413 -0.5449
0.143742 -0.544465
-0.229923 -0.543325
-0.603586 -0.541478
-0.977241 -0.540977
-0.265063 -0.541823
0.447619 -0.541962
0.0739491 -0.541396
-0.299715 -0.540123
-0.673377 -0.540198
0.0398405 -0.541623
0.753574 -0.542341
0.379895 -0.542352
0.00622661 -0.541658
-0.367438 -0.540257
-0.741099 -0.540207
-0.0268234 -0.541507
0.687966 -0.542101
0.314289 -0.541989
-0.0593777 -0.54117
-0.433042 -0.539646
-0.806702 -0.539473
-0.0913668 -0.540653
0.62448 -0.541127
0.250806 -0.540895
-0.12286 -0.539957
-0.496524 -0.538312
-0.870182 -0.538021
-0.153786 -0.539086
0.563122 -0.539444
0.189449 -0.539095
-0.184216 -0.538041
-0.557879 -0.53628
-0.931536 -0.535876
-0.214076 -0.536828
0.503895 -0.537074
0.130224 -0.536614
-0.243441 -0.535448
-0.617104 -0.533575
-0.990759 -0.533061
-0.272232 -0.533905
0.446802 -0.534044
0.0731328 -0.533476
-0.300532 -0.532201
-0.674194 -0.532287
0.0453838 -0.533734
0.765483 -0.534474
0.391803 -0.534509
0.0181347 -0.533837
-0.35553 -0.532459
-0.729191 -0.532442
-0.00854405 -0.533789
0.712623 -0.53443
0.338946 -0.534364
-0.0347218 -0.533592
-0.408386 -0.532114
-0.782046 -0.532
-0.0603281 -0.533251
0.66191 -0.533796
0.288234 -0.533635
-0.0854328 -0.532767
-0.459097 -0.531193
-0.832756 -0.530985
-0.109964 -0.532144
0.613346 -0.532597
0.239672 -0.532344
-0.133994 -0.531385
-0.507658 -0.529719
-0.881316 -0.529421
-0.157448 -0.530493
0.566937 -0.530858
0.193264 -0.530517
-0.180402 -0.52947
-0.554065 -0.527717
-0.927722 -0.527333
-0.202777 -0.528321
0.522686 -0.528603
0.149014 -0.528178
-0.224651 -0.527047
-0.598314 -0.52521
-0.971969 -0.524746
-0.245944 -0.525654
0.480597 -0.525856
0.106927 -0.525352
-0.266738 -0.524142
-0.640401 -0.522225
-1.01405 -0.521683
-0.286948 -0.522515
0.440675 -0.524725
1.16883 -0.526227
0.795132 -0.527024
0.421451 -0.527114
0.0477813 -0.526498
-0.325883 -0.525176
-0.699545 -0.525231
0.0291716 -0.526665
0.758418 -0.527392
0.384738 -0.527413
0.0110696 -0.526727
-0.362595 -0.525336
-0.736256 -0.525324
-0.00645289 -0.526692
0.723879 -0.527354
0.350201 -0.527309
-0.0234667 -0.526559
-0.397131 -0.525102
-0.770792 -0.525027
-0.0398998 -0.526334
0.691521 -0.526934
0.317844 -0.526829
-0.0558235 -0.526017
-0.429488 -0.524499
-0.803148 -0.524365
-0.0711651 -0.525615
0.661346 -0.526158
0.28767 -0.525996
-0.0859967 -0.525127
-0.459661 -0.523552
-0.83332 -0.523363
-0.100245 -0.52456
0.633359 -0.52505
0.259684 -0.524835
-0.113982 -0.523913
-0.487646 -0.522285
-0.861305 -0.522045
-0.127134 -0.523193
0.607565 -0.523636
0.23389 -0.523371
-0.139776 -0.522401
-0.51344 -0.520724
-0.887098 -0.520437
-0.15183 -0.521541
0.583966 -0.521939
0.210292 -0.52163
-0.163373 -0.520615
-0.537037 -0.518894
-0.910694 -0.518564
-0.174328 -0.519627
0.562568 -0.519984
0.188895 -0.519635
-0.184771 -0.51858
-0.558435 -0.516818
-0.932091 -0.51645
-0.194623 -0.517477
0.543374 -0.517798
0.169701 -0.517412
-0.203964 -0.516321
-0.577628 -0.514523
-0.951284 -0.514121
-0.212712 -0.515116
0.526388 -0.515404
0.152716 -0.514987
-0.220949 -0.513863
-0.594613 -0.512033
-0.968268 -0.511601
-0.228591 -0.512568
0.511615 -0.512828
0.137943 -0.512383
-0.235722 -0.511231
-0.609385 -0.509373
